#         t          x          y          z         vx         vy         vz
      0.000   -377.690    611.450   -284.630     72.580    -72.710     49.860
      0.014   -376.640    610.410   -283.920     73.360    -73.590     51.630
      0.029   -375.600    609.370   -283.200     72.740    -74.380     52.720
      0.043   -374.570    608.330   -282.490     71.470    -73.830     53.010
      0.057   -373.540    607.290   -281.770     71.360    -74.050     51.980
      0.071   -372.500    606.250   -281.070     73.110    -74.220     50.420
      0.086   -371.430    605.200   -280.380     73.880    -74.980     50.610
      0.100   -370.370    604.130   -279.680     73.970    -76.340     51.460
      0.114   -369.300    603.060   -278.980     74.200    -76.680     51.460
      0.129   -368.230    601.980   -278.280     73.100    -77.170     49.850
      0.143   -367.150    600.900   -277.590     75.390    -76.860     50.590
      0.157   -366.070    599.810   -276.880     75.470    -78.150     51.970
      0.171   -364.990    598.720   -276.170     75.610    -78.140     52.390
      0.186   -363.900    597.620   -275.460     75.810    -77.940     52.720
      0.200   -362.820    596.520   -274.740     76.030    -78.370     52.880
      0.214   -361.740    595.420   -274.020     75.320    -78.630     53.100
      0.229   -360.680    594.310   -273.290     73.870    -78.520     52.970
      0.243   -359.630    593.210   -272.570     72.210    -77.710     51.630
      0.257   -358.580    592.110   -271.880     73.090    -77.680     49.520
      0.271   -357.520    591.000   -271.190     74.480    -78.740     50.810
      0.286   -356.460    589.870   -270.480     72.320    -81.240     51.850
      0.300   -355.410    588.730   -269.760     71.450    -80.970     52.240
      0.314   -354.370    587.580   -269.060     71.100    -79.330     49.450
      0.329   -353.330    586.450   -268.360     72.090    -80.270     49.750
      0.343   -352.290    585.310   -267.670     70.600    -80.920     50.070
      0.357   -351.270    584.160   -266.970     69.630    -81.060     49.350
      0.371   -350.270    583.000   -266.280     69.710    -82.130     49.380
      0.386   -349.250    581.840   -265.600     69.960    -82.640     49.750
      0.400   -348.240    580.670   -264.910     69.380    -82.230     49.170
      0.414   -347.230    579.490   -264.220     68.660    -82.150     48.940
      0.429   -346.230    578.310   -263.540     67.930    -82.300     47.160
      0.443   -345.230    577.120   -262.870     68.040    -82.050     44.740
      0.457   -344.250    575.930   -262.210     66.090    -81.660     44.100
      0.471   -343.280    574.730   -261.550     67.680    -82.000     43.510
      0.486   -342.300    573.530   -260.880     69.380    -82.650     44.320
      0.500   -341.310    572.330   -260.220     69.450    -82.630     43.290
      0.514   -340.330    571.110   -259.540     68.920    -84.220     45.420
      0.529   -339.360    569.900   -258.860     67.220    -83.490     44.850
      0.543   -338.400    568.680   -258.190     67.100    -83.310     43.600
      0.557   -337.450    567.460   -257.520     66.900    -83.450     44.670
      0.571   -336.500    566.240   -256.840     66.220    -84.580     45.580
      0.586   -335.570    565.020   -256.150     65.400    -83.760     44.780
      0.600   -334.650    563.810   -255.480     65.850    -83.570     44.200
      0.614   -333.740    562.600   -254.810     64.390    -82.820     45.300
      0.629   -332.850    561.410   -254.140     62.660    -82.660     43.650
      0.643   -331.980    560.210   -253.490     62.750    -83.520     44.070
      0.657   -331.120    559.020   -252.850     62.040    -82.590     43.880
      0.671   -330.260    557.840   -252.200     61.470    -83.320     43.240
      0.686   -329.420    556.660   -251.570     60.030    -82.590     43.410
      0.700   -328.590    555.490   -250.950     58.740    -81.940     42.910
      0.714   -327.770    554.330   -250.340     58.690    -81.320     42.010
      0.729   -326.960    553.170   -249.740     58.110    -82.460     43.440
      0.743   -326.160    552.010   -249.130     55.500    -81.650     42.590
      0.757   -325.370    550.860   -248.530     55.570    -80.650     42.270
      0.771   -324.580    549.710   -247.930     55.070    -80.950     43.250
      0.786   -323.810    548.560   -247.320     52.150    -81.420     43.380
      0.800   -323.070    547.420   -246.710     50.090    -79.640     42.780
      0.814   -322.340    546.290   -246.130     49.620    -79.640     41.850
      0.829   -321.610    545.170   -245.540     48.930    -77.650     43.640
      0.843   -320.900    544.070   -244.950     46.460    -76.970     42.310
      0.857   -320.190    542.980   -244.380     46.350    -75.740     42.000
      0.871   -319.510    541.890   -243.800     44.710    -74.420     41.530
      0.886   -318.830    540.830   -243.220     45.080    -72.730     39.320
      0.900   -318.150    539.770   -242.660     45.580    -72.350     39.020
      0.914   -317.480    538.720   -242.080     45.950    -73.090     41.140
      0.929   -316.810    537.670   -241.480     45.790    -71.330     39.800
      0.943   -316.160    536.640   -240.890     44.840    -70.400     39.820
      0.957   -315.510    535.620   -240.280     46.890    -70.830     40.820
      0.971   -314.850    534.580   -239.660     46.370    -71.620     42.170
      0.986   -314.210    533.550   -239.010     46.120    -68.560     43.430
      1.000   -313.560    532.560   -238.370     45.210    -68.610     43.080
      1.014   -312.920    531.560   -237.730     43.160    -68.290     43.150
      1.029   -312.300    530.570   -237.070     42.210    -67.920     45.350
      1.043   -311.670    529.590   -236.410     43.320    -66.530     45.450
      1.057   -311.030    528.620   -235.750     42.500    -66.690     48.300
      1.071   -310.400    527.670   -235.080     42.960    -66.800     48.200
      1.086   -309.760    526.730   -234.390     41.800    -64.280     50.020
      1.100   -309.130    525.800   -233.700     43.770    -64.400     49.700
      1.114   -308.480    524.870   -233.000     44.130    -63.610     49.560
      1.129   -307.820    523.940   -232.290     45.390    -63.410     49.380
      1.143   -307.160    523.020   -231.570     45.310    -64.020     49.850
      1.157   -306.510    522.100   -230.860     45.260    -63.840     49.710
      1.171   -305.860    521.180   -230.120     45.700    -63.740     51.300
      1.186   -305.200    520.280   -229.390     46.090    -62.620     51.980
      1.200   -304.540    519.400   -228.640     47.420    -62.110     52.850
      1.214   -303.860    518.510   -227.890     47.990    -63.350     54.080
      1.229   -303.180    517.610   -227.110     47.780    -63.760     56.640
      1.243   -302.490    516.710   -226.320     47.620    -63.120     56.930
      1.257   -301.800    515.820   -225.530     47.350    -63.290     57.320
      1.271   -301.120    514.930   -224.730     47.220    -61.370     56.870
      1.286   -300.420    514.050   -223.930     48.560    -62.310     56.780
      1.300   -299.720    513.160   -223.120     49.270    -61.780     57.590
      1.314   -298.990    512.280   -222.310     50.170    -61.950     57.580
      1.329   -298.270    511.410   -221.480     50.770    -60.290     59.440
      1.343   -297.540    510.550   -220.650     51.120    -60.540     58.880
      1.357   -296.790    509.690   -219.820     52.680    -61.410     59.180
      1.371   -296.050    508.810   -218.980     53.470    -62.540     60.250
      1.386   -295.290    507.920   -218.130     52.770    -62.910     61.030
      1.400   -294.530    507.040   -217.260     54.350    -62.500     62.100
      1.414   -293.770    506.160   -216.380     54.400    -62.600     62.240
      1.429   -292.990    505.280   -215.510     55.660    -62.300     62.080
      1.443   -292.200    504.400   -214.620     56.980    -63.680     63.770
      1.457   -291.390    503.500   -213.730     56.910    -63.950     64.270
      1.471   -290.570    502.600   -212.830     57.200    -64.070     64.940
      1.486   -289.740    501.710   -211.930     57.630    -61.480     63.830
      1.500   -288.910    500.830   -211.040     57.540    -62.440     62.280
      1.514   -288.080    499.930   -210.150     57.800    -61.820     62.580
      1.529   -287.240    499.050   -209.260     57.740    -62.470     62.500
      1.543   -286.400    498.150   -208.360     58.270    -61.790     63.200
      1.557   -285.550    497.260   -207.450     60.330    -62.960     63.790
      1.571   -284.680    496.350   -206.540     60.370    -62.970     64.080
      1.586   -283.800    495.450   -205.630     61.130    -63.070     63.470
      1.600   -282.910    494.540   -204.710     62.780    -63.840     64.180
      1.614   -282.010    493.610   -203.780     62.460    -64.530     65.200
      1.629   -281.110    492.690   -202.840     62.920    -63.970     65.430
      1.643   -280.200    491.770   -201.900     63.960    -63.630     63.930
      1.657   -279.280    490.840   -200.960     65.400    -65.020     64.600
      1.671   -278.350    489.900   -200.010     66.910    -65.090     64.880
      1.686   -277.420    488.960   -199.050     68.260    -66.980     65.440
      1.700   -276.470    487.990   -198.090     69.530    -68.040     65.410
      1.714   -275.500    487.020   -197.120     70.390    -68.520     66.220
      1.729   -274.530    486.050   -196.140     72.060    -68.940     66.440
      1.743   -273.540    485.070   -195.150     72.520    -69.340     67.630
      1.757   -272.550    484.090   -194.160     72.170    -69.590     68.830
      1.771   -271.560    483.110   -193.160     73.370    -69.110     67.770
      1.786   -270.550    482.130   -192.180     73.320    -68.520     67.440
      1.800   -269.540    481.160   -191.200     74.230    -69.110     68.920
      1.814   -268.520    480.180   -190.210     74.820    -70.050     68.850
      1.829   -267.490    479.190   -189.220     75.750    -70.530     69.190
      1.843   -266.450    478.200   -188.230     75.480    -70.200     69.410
      1.857   -265.400    477.220   -187.240     75.780    -70.480     70.330
      1.871   -264.350    476.220   -186.250     77.060    -71.390     70.760
      1.886   -263.280    475.220   -185.250     76.730    -69.910     70.350
      1.900   -262.210    474.230   -184.250     78.640    -71.820     71.010
      1.914   -261.120    473.210   -183.240     78.790    -72.480     72.270
      1.929   -260.030    472.200   -182.240     79.220    -73.630     71.510
      1.943   -258.930    471.170   -181.230     78.740    -74.040     73.530
      1.957   -257.830    470.140   -180.220     78.000    -73.450     74.180
      1.971   -256.730    469.120   -179.210     78.190    -73.720     71.700
      1.986   -255.620    468.080   -178.210     78.890    -73.620     69.970
      2.000   -254.500    467.040   -177.220     78.880    -73.750     71.020
      2.014   -253.370    466.010   -176.220     79.250    -73.170     70.810
      2.029   -252.230    464.950   -175.210     79.530    -75.230     71.340
      2.043   -251.090    463.880   -174.210     80.370    -76.750     70.250
      2.057   -249.930    462.780   -173.200     81.570    -77.490     71.830
      2.071   -248.760    461.690   -172.170     83.170    -77.380     71.830
      2.086   -247.570    460.580   -171.150     82.810    -78.040     71.010
      2.100   -246.380    459.460   -170.120     83.350    -79.080     72.830
      2.114   -245.180    458.330   -169.080     83.990    -79.520     73.480
      2.129   -243.970    457.200   -168.040     83.620    -79.100     73.380
      2.143   -242.760    456.060   -167.000     84.540    -80.290     72.460
      2.157   -241.540    454.910   -165.970     85.630    -79.510     71.960
      2.171   -240.290    453.750   -164.930     87.390    -82.240     73.830
      2.186   -239.050    452.580   -163.870     86.030    -82.120     74.470
      2.200   -237.810    451.400   -162.810     85.850    -81.580     73.370
      2.214   -236.570    450.220   -161.760     86.410    -81.680     72.850
      2.229   -235.330    449.040   -160.700     87.560    -82.050     73.750
      2.243   -234.090    447.850   -159.620     87.900    -81.800     73.390
      2.257   -232.840    446.660   -158.560     87.930    -82.250     72.570
      2.271   -231.590    445.460   -157.490     89.480    -82.480     73.920
      2.286   -230.330    444.250   -156.410     89.220    -84.300     72.940
      2.300   -229.080    443.040   -155.330     89.300    -83.420     72.970
      2.314   -227.820    441.830   -154.260     90.680    -83.350     71.700
      2.329   -226.530    440.610   -153.200     92.740    -85.140     72.190
      2.343   -225.250    439.380   -152.140     91.690    -85.790     71.580
      2.357   -223.970    438.150   -151.090     92.660    -86.950     71.150
      2.371   -222.680    436.890   -150.030     92.030    -88.850     72.760
      2.386   -221.400    435.620   -148.960     90.600    -89.990     72.570
      2.400   -220.140    434.340   -147.900     89.190    -90.610     73.130
      2.414   -218.870    433.050   -146.840     89.730    -91.950     72.720
      2.429   -217.600    431.750   -145.780     89.120    -91.510     73.090
      2.443   -216.330    430.440   -144.720     88.930    -92.020     72.990
      2.457   -215.060    429.130   -143.660     89.210    -91.550     72.640
      2.471   -213.780    427.800   -142.600     89.970    -92.740     73.140
      2.486   -212.510    426.470   -141.540     88.760    -94.240     72.680
      2.500   -211.230    425.120   -140.480     89.890    -94.130     73.370
      2.514   -209.940    423.760   -139.410     90.950    -94.870     72.770
      2.529   -208.640    422.400   -138.350     91.860    -95.500     73.700
      2.543   -207.340    421.030   -137.270     93.090    -96.980     75.300
      2.557   -206.030    419.640   -136.190     92.560    -96.690     74.750
      2.571   -204.720    418.270   -135.120     92.900    -96.480     73.850
      2.586   -203.410    416.880   -134.060     92.180    -97.800     73.480
      2.600   -202.100    415.480   -132.990     92.360    -97.300     73.580
      2.614   -200.790    414.080   -131.930     92.660    -97.840     73.890
      2.629   -199.470    412.680   -130.860     92.910    -97.900     74.310
      2.643   -198.150    411.270   -129.790     90.790    -98.290     74.630
      2.657   -196.850    409.870   -128.720     91.320    -96.030     74.400
      2.671   -195.520    408.470   -127.640     92.570    -96.520     73.960
      2.686   -194.190    407.070   -126.580     92.760    -96.450     73.330
      2.700   -192.840    405.660   -125.510     94.050    -97.210     72.790
      2.714   -191.490    404.240   -124.450     94.460    -98.630     72.910
      2.729   -190.140    402.810   -123.390     94.900   -100.430     74.100
      2.743   -188.780    401.360   -122.320     94.830   -100.750     74.420
      2.757   -187.420    399.920   -121.240     95.190   -101.360     75.230
      2.771   -186.040    398.460   -120.160     95.410   -101.140     76.270
      2.786   -184.680    397.010   -119.080     94.300   -100.630     75.060
      2.800   -183.310    395.550   -118.000     95.120   -101.360     74.700
      2.814   -181.930    394.080   -116.910     96.460   -102.680     76.150
      2.829   -180.550    392.600   -115.810     95.980   -102.660     77.260
      2.843   -179.170    391.120   -114.710     95.770   -103.710     76.580
      2.857   -177.780    389.620   -113.610     96.760   -104.750     77.050
      2.871   -176.390    388.110   -112.490     97.220   -104.590     78.510
      2.886   -174.990    386.590   -111.370     96.400   -105.740     78.360
      2.900   -173.590    385.060   -110.240     96.190   -105.920     77.200
      2.914   -172.200    383.520   -109.110     95.620   -105.820     78.390
      2.929   -170.790    381.980   -107.980     96.650   -105.780     77.820
      2.943   -169.400    380.430   -106.840     95.660   -107.780     78.000
      2.957   -168.010    378.860   -105.700     95.660   -107.420     78.160
      2.971   -166.600    377.290   -104.560     96.770   -108.200     77.940
      2.986   -165.190    375.700   -103.410     97.100   -110.610     79.270
      3.000   -163.790    374.090   -102.250     96.580   -111.930     80.350
      3.014   -162.380    372.470   -101.080     96.220   -112.400     80.640
      3.029   -160.970    370.830    -99.910     97.180   -113.130     81.170
      3.043   -159.550    369.200    -98.730     95.860   -113.200     83.060
      3.057   -158.140    367.550    -97.540     97.640   -113.670     82.240
      3.071   -156.710    365.910    -96.350     98.870   -112.420     82.120
      3.086   -155.270    364.250    -95.170    100.800   -114.080     81.010
      3.100   -153.810    362.580    -93.990    102.650   -115.350     81.240
      3.114   -152.340    360.900    -92.790    102.250   -115.890     82.140
      3.129   -150.880    359.210    -91.590    101.910   -116.860     83.760
      3.143   -149.410    357.510    -90.380    101.610   -117.510     82.870
      3.157   -147.950    355.790    -89.170    101.880   -119.910     83.910
      3.171   -146.480    354.050    -87.950    103.390   -119.830     83.600
      3.186   -145.000    352.310    -86.740    102.890   -121.220     84.180
      3.200   -143.510    350.550    -85.520    102.410   -121.640     84.290
      3.214   -142.030    348.780    -84.300    102.590   -122.280     84.740
      3.229   -140.550    347.000    -83.080    102.700   -123.140     85.770
      3.243   -139.060    345.200    -81.850    103.870   -125.330     86.100
      3.257   -137.550    343.380    -80.600    103.780   -126.860     86.920
      3.271   -136.040    341.540    -79.360    105.160   -127.120     88.200
      3.286   -134.520    339.690    -78.100    105.320   -129.830     88.340
      3.300   -133.010    337.810    -76.830    105.430   -131.030     88.770
      3.314   -131.480    335.910    -75.560    105.750   -131.850     89.480
      3.329   -129.950    334.010    -74.280    107.120   -132.760     88.680
      3.343   -128.410    332.080    -73.010    107.580   -134.050     89.170
      3.357   -126.840    330.150    -71.750    111.630   -135.230     87.370
      3.371   -125.240    328.190    -70.480    113.020   -138.310     89.590
      3.386   -123.640    326.200    -69.200    113.040   -139.280     90.980
      3.400   -122.040    324.200    -67.920    113.210   -141.600     89.120
      3.414   -120.410    322.170    -66.660    115.950   -142.850     89.050
      3.429   -118.780    320.120    -65.400    114.940   -145.110     88.560
      3.443   -117.140    318.050    -64.140    114.520   -146.750     89.140
      3.457   -115.510    315.950    -62.890    114.220   -147.560     88.540
      3.471   -113.860    313.830    -61.650    116.190   -150.880     87.550
      3.486   -112.200    311.660    -60.400    117.370   -155.040     88.210
      3.500   -110.530    309.440    -59.170    117.450   -158.830     88.110
      3.514   -108.860    307.190    -57.930    116.080   -161.210     89.070
      3.529   -107.190    304.910    -56.690    117.390   -163.780     90.060
      3.543   -105.500    302.590    -55.440    117.790   -165.740     90.540
      3.557   -103.800    300.240    -54.220    119.330   -169.210     88.970
      3.571   -102.080    297.850    -52.990    119.330   -170.940     91.090
      3.586   -100.360    295.430    -51.760    119.630   -173.630     89.930
      3.600    -98.640    292.960    -50.530    119.400   -176.180     90.710
      3.614    -96.910    290.460    -49.320    118.800   -177.250     88.510
      3.629    -95.170    287.920    -48.110    120.520   -181.110     88.250
      3.643    -93.410    285.340    -46.920    121.040   -181.960     86.970
      3.657    -91.640    282.710    -45.730    120.980   -186.270     85.600
      3.671    -89.870    280.040    -44.550    123.210   -188.520     84.320
      3.686    -88.070    277.310    -43.400    124.470   -192.500     83.080
      3.700    -86.260    274.530    -42.250    124.020   -196.280     81.390
      3.714    -84.460    271.700    -41.120    124.940   -200.670     80.240
      3.729    -82.640    268.790    -40.010    127.120   -205.520     79.470
      3.743    -80.820    265.830    -38.900    125.460   -209.520     79.070
      3.757    -79.000    262.800    -37.810    126.510   -215.550     76.620
      3.771    -77.180    259.680    -36.740    125.510   -221.290     74.030
      3.786    -75.360    256.470    -35.690    125.590   -228.340     73.090
      3.800    -73.550    253.180    -34.670    125.120   -232.970     69.760
      3.814    -71.750    249.810    -33.690    126.500   -240.420     66.490
      3.829    -69.950    246.340    -32.750    126.970   -246.530     62.970
      3.843    -68.160    242.780    -31.860    126.010   -253.550     59.200
      3.857    -66.400    239.120    -31.030    123.920   -260.550     53.000
      3.871    -64.670    235.360    -30.280    122.720   -269.550     49.200
      3.886    -62.980    231.470    -29.600    118.680   -279.840     43.340
      3.900    -61.350    227.450    -29.030    112.470   -287.640     34.900
      3.914    -59.820    223.340    -28.570    104.360   -294.140     24.980
      3.929    -58.400    219.140    -28.270     95.980   -298.710     13.130
      3.943    -57.110    214.860    -28.140     85.570   -304.260     -0.710
      3.957    -55.960    210.540    -28.200     74.940   -303.940    -15.240
      3.971    -54.970    206.230    -28.470     64.620   -301.780    -29.830
      3.986    -54.150    201.980    -28.940     52.720   -294.820    -41.600
      4.000    -53.510    197.840    -29.570     41.550   -285.350    -51.820
      4.014    -53.010    193.850    -30.350     33.340   -275.990    -58.680
      4.029    -52.420    190.030    -31.810     27.480   -267.780    -64.450
      4.043    -52.080    186.360    -32.810     22.820   -254.850    -66.250
      4.057    -51.780    183.070    -34.120     20.160   -243.460    -67.500
      4.071    -51.600    179.810    -35.170     17.130   -231.970    -67.020
      4.086    -51.400    176.700    -36.220     17.430   -221.010    -67.560
      4.100    -51.200    173.670    -37.230     16.820   -211.760    -66.300
      4.114    -51.570    170.100    -36.930     12.680   -199.280    -64.980
      4.129    -50.840    168.050    -39.130     18.580   -194.370    -62.350
      4.143    -50.640    165.350    -39.980     21.530   -187.460    -59.640
      4.157    -50.400    162.780    -40.810     22.740   -180.390    -55.280
      4.171    -50.180    160.300    -41.570     22.280   -173.560    -50.880
      4.186    -50.000    157.910    -42.270     22.400   -167.950    -48.350
      4.200    -49.760    155.590    -42.960     24.900   -163.520    -44.830
      4.214    -49.490    153.320    -43.600     24.390   -158.770    -42.670
      4.229    -49.240    151.130    -44.180     25.820   -153.130    -37.880
      4.243    -48.940    149.020    -44.710     27.260   -149.670    -35.200
      4.257    -48.660    146.930    -45.210     25.980   -145.810    -32.960
      4.271    -48.390    144.900    -45.650     26.810   -141.040    -29.610
      4.286    -48.060    142.930    -46.050     27.600   -136.710    -26.100
      4.300    -47.770    141.010    -46.340     26.770   -131.600    -23.540
      4.314    -47.480    139.170    -46.620     27.350   -127.160    -22.210
      4.329    -47.200    137.360    -46.880     27.690   -124.130    -20.920
      4.343    -46.930    135.630    -47.080     27.120   -118.930    -16.790
      4.357    -46.680    133.970    -47.260     26.790   -115.450    -15.070
      4.371    -46.450    132.370    -47.430     26.610   -111.850    -15.390
      4.386    -46.220    130.800    -47.590     25.820   -109.820    -12.400
      4.400    -46.000    129.260    -47.710     24.450   -107.020     -9.450
      4.414    -45.790    127.770    -47.820     24.740   -104.110     -9.170
      4.429    -45.560    126.320    -47.900     23.650   -100.410     -5.460
      4.443    -45.360    124.940    -47.990     22.590    -97.600     -5.230
      4.457    -45.180    123.630    -48.050     23.590    -93.390     -3.500
      4.471    -44.930    122.320    -48.100     21.820    -90.470     -1.760
      4.486    -44.720    121.100    -48.140     21.780    -85.040     -1.490
      4.500    -44.470    119.920    -48.210     22.740    -83.710     -1.130
      4.514    -44.200    118.760    -48.240     21.630    -81.200      0.750
      4.529    -43.990    117.610    -48.240     21.060    -77.900      1.250
      4.543    -43.760    116.520    -48.250     20.900    -75.130      1.130
      4.557    -43.480    115.450    -48.230     20.500    -71.570      1.980
      4.571    -43.270    114.460    -48.180     20.800    -66.580      2.720
      4.586    -43.000    113.510    -48.150     21.540    -64.180      3.130
      4.600    -42.780    112.580    -48.060     20.520    -62.610      4.090
      4.614    -42.540    111.680    -47.940     18.690    -59.990      6.090
      4.629    -42.040    109.680    -46.790     14.180    -55.810      8.350
      4.643    -41.840    108.890    -46.670     15.640    -55.200      8.900
      4.657    -41.630    108.140    -46.530     16.140    -52.320     10.960
      4.671    -41.420    107.420    -46.390     15.000    -50.750     10.920
      4.686    -41.220    106.710    -46.240     14.940    -49.580     12.680
      4.700    -41.010    106.050    -46.080     14.510    -46.530     12.500
      4.714    -40.810    105.420    -45.920     14.020    -44.210     14.030
      4.729    -40.590    104.830    -45.740     14.930    -41.640     15.570
      4.743    -40.380    104.280    -45.560     13.800    -38.570     13.750
      4.757    -40.170    103.760    -45.380     14.540    -35.770     13.420
      4.771    -39.960    103.280    -45.200     14.930    -33.530     14.430
      4.786    -39.750    102.830    -45.010     13.270    -30.850     14.150
      4.800    -39.550    102.410    -44.820     14.830    -29.530     13.690
      4.814    -39.340    102.010    -44.620     15.180    -27.300     14.500
      4.829    -39.130    101.650    -44.420     15.570    -25.430     14.150
      4.843    -38.900    101.320    -44.220     15.990    -23.040     15.820
      4.857    -38.680    101.020    -44.000     15.400    -21.080     16.990
      4.871    -38.450    100.740    -43.770     17.080    -20.340     17.410
      4.886    -38.210    100.490    -43.530     16.090    -17.340     17.470
      4.900    -37.970    100.270    -43.310     16.010    -14.490     16.580
      4.914    -37.730    100.080    -43.090     16.960    -13.000     16.390
      4.929    -37.480     99.910    -42.860     17.510    -12.220     17.880
      4.943    -37.220     99.750    -42.610     16.800    -10.050     18.250
      4.957    -36.970     99.640    -42.370     18.100     -6.220     18.080
      4.971    -36.700     99.550    -42.120     18.800     -6.570     19.040
      4.986    -36.430     99.470    -41.860     19.900     -5.380     20.900
      5.000    -36.150     99.420    -41.580     19.020     -4.150     22.170
      5.014    -35.870     99.380    -41.300     18.510     -2.270     23.640
      5.029    -35.590     99.370    -41.000     18.370     -1.460     23.890
      5.043    -35.300     99.390    -40.700     18.690      1.670     23.200
      5.057    -35.000     99.430    -40.390     19.580      2.010     25.570
      5.071    -34.690     99.490    -40.070     19.350      6.070     25.140
      5.086    -34.380     99.590    -39.740     20.300      7.440     25.180
      5.100    -34.060     99.700    -39.390     21.520      8.430     26.330
      5.114    -33.720     99.840    -39.040     22.230     10.100     26.700
      5.129    -33.390     99.990    -38.670     23.080     11.320     28.170
      5.143    -33.040    100.170    -38.280     23.850     13.790     30.070
      5.157    -32.700    100.380    -37.870     23.870     14.590     29.750
      5.171    -32.350    100.600    -37.460     24.230     16.350     31.770
      5.186    -32.000    100.840    -37.030     25.810     16.810     32.040
      5.200    -31.640    101.100    -36.600     25.050     18.070     33.010
      5.214    -31.280    101.380    -36.150     24.020     19.970     34.050
      5.229    -30.930    101.690    -35.690     25.250     22.370     34.440
      5.243    -30.550    102.010    -35.220     27.700     23.110     35.410
      5.257    -30.160    102.360    -34.740     27.100     25.090     36.470
      5.271    -29.770    102.740    -34.250     27.290     26.440     38.260
      5.286    -29.370    103.140    -33.740     27.610     28.910     37.720
      5.300    -28.960    103.570    -33.240     28.010     29.810     38.760
      5.314    -28.540    104.010    -32.720     29.190     31.780     39.690
      5.329    -28.110    104.480    -32.190     28.320     34.020     39.950
      5.343    -27.680    104.990    -31.650     30.400     36.970     39.530
      5.357    -27.230    105.520    -31.100     31.390     38.150     40.630
      5.371    -26.770    106.080    -30.540     31.950     39.570     41.540
      5.386    -26.320    106.660    -29.950     33.170     41.680     43.040
      5.400    -25.850    107.270    -29.340     34.150     43.780     45.370
      5.414    -25.380    107.900    -28.710     34.510     44.310     45.850
      5.429    -24.900    108.560    -28.070     35.220     46.900     46.740
      5.443    -24.420    109.250    -27.410     36.580     46.770     48.000
      5.457    -23.930    109.950    -26.730     35.880     48.670     49.090
      5.471    -23.440    110.680    -26.040     36.600     51.140     49.670
      5.486    -22.940    111.460    -25.340     37.370     54.200     50.070
      5.500    -22.420    112.260    -24.620     38.480     55.950     51.960
      5.514    -21.910    113.100    -23.880     38.000     58.250     53.440
      5.529    -21.390    113.970    -23.120     38.220     61.710     55.160
      5.543    -20.870    114.890    -22.340     38.980     65.400     55.980
      5.557    -20.330    115.860    -21.560     41.140     68.410     55.580
      5.571    -19.770    116.870    -20.760     42.640     71.200     58.500
      5.586    -19.190    117.910    -19.940     43.980     73.340     59.450
      5.600    -18.610    119.010    -19.100     45.770     77.680     61.120
      5.614    -17.990    120.150    -18.230     47.500     80.770     64.830
      5.629    -17.360    121.340    -17.340     49.180     82.620     66.300
      5.643    -16.700    122.570    -16.410     50.100     87.240     68.980
      5.657    -16.020    123.860    -15.460     51.310     90.120     71.090
      5.671    -15.320    125.190    -14.470     51.650     94.210     73.100
      5.686    -14.600    126.580    -13.460     53.410     99.500     75.300
      5.700    -13.850    128.060    -12.400     56.490    106.130     76.770
      5.714    -13.040    129.600    -11.310     61.020    110.630     79.420
      5.729    -12.190    131.220    -10.180     64.780    117.270     81.870
      5.743    -11.280    132.920     -9.000     68.090    124.500     86.910
      5.757    -10.330    134.720     -7.750     71.360    130.910     90.900
      5.771     -9.330    136.630     -6.440     74.760    139.370     95.960
      5.786     -8.280    138.640     -5.070     80.140    146.320    100.270
      5.800     -7.130    140.760     -3.630     88.510    156.290    106.010
      5.814     -5.860    143.030     -2.100     99.580    169.710    114.250
      5.829     -4.430    145.490     -0.450    118.220    185.590    125.490
      5.843     -2.720    148.160      1.350    153.050    199.640    141.860
      5.857     -0.470    150.730      3.230    196.900    149.040    134.290
      5.871      2.000    152.640      4.840    183.920     95.940    111.470
      5.886      4.370    154.090      6.180    164.670     67.170     94.800
      5.900      6.580    155.230      7.310    146.550     48.620     80.580
      5.914      8.620    156.130      8.280    132.590     33.510     70.680
      5.929     10.510    156.820      9.140    121.910     20.030     64.200
      5.943     12.220    157.330      9.880    111.060      8.480     57.490
      5.957     13.790    157.680     10.530     97.780      2.030     54.240
      5.971     15.210    157.880     11.120     83.320     -3.420     50.210
      5.986     16.510    157.950     11.660     67.340     -6.480     46.490
      6.000     17.680    157.910     12.140     51.670     -7.100     40.230
      6.014     18.730    157.770     12.580     39.270     -7.860     34.620
      6.029     19.660    157.540     12.980     29.590    -10.720     31.360
      6.043     20.510    157.230     13.350     22.010    -14.390     26.540
      6.057     21.260    156.840     13.690     14.340    -16.750     22.750
      6.071     21.920    156.370     14.000      9.050    -21.710     20.470
      6.086     22.500    155.820     14.310      2.320    -27.430     18.760
      6.100     22.990    155.190     14.600     -4.020    -31.640     15.710
      6.114     23.400    154.480     14.880     -7.290    -38.720     13.290
      6.129     23.740    153.690     15.130    -10.560    -45.440     10.700
      6.143     24.020    152.830     15.370    -15.500    -51.940      9.420
      6.157     24.220    151.880     15.600    -20.840    -60.320      6.830
      6.171     24.340    150.850     15.800    -26.720    -68.460      1.930
      6.186     24.380    149.720     15.960    -32.640    -79.200     -3.480
      6.200     24.330    148.490     16.070    -41.330    -93.350    -10.750
      6.214     24.170    147.100     16.100    -54.220   -117.020    -21.510
      6.229     23.840    145.400     15.980    -72.920   -174.300    -44.920
      6.243     23.660    143.590     15.660     -9.250   -103.130    -41.450
      6.257     23.880    142.500     15.560     21.020    -47.880     -9.070
      6.271     24.280    141.800     15.690     41.020    -17.010     21.650
      6.286     24.800    141.310     16.040     55.860      0.950     50.680
      6.300     25.400    140.970     16.550     66.270     16.420     77.890
      6.314     26.060    140.800     17.220     50.620     23.910     76.100
      6.329     26.530    140.500     17.550     35.350    -12.920     29.410
      6.343     26.980    140.100     17.750     35.900     -9.300     41.440
      6.357     27.450    139.810     18.090     36.350     -7.560     49.310
      6.371     27.910    139.510     18.460     34.590    -12.040     52.970
      6.386     28.360    139.230     18.880     33.130    -13.290     56.220
      6.400     28.790    138.920     19.300     31.320    -17.540     51.220
      6.414     29.200    138.600     19.710     30.470    -20.630     48.470
      6.429     29.580    138.250     20.110     29.450    -27.740     39.620
      6.443     29.940    137.840     20.460     32.230    -34.440     33.600
      6.457     30.280    137.400     20.800     31.480    -37.790     33.250
      6.471     30.610    136.950     21.160     34.660    -35.540     35.860
      6.486     30.940    136.530     21.550     36.040    -35.080     36.130
      6.500     31.260    136.100     21.950     37.720    -34.770     39.290
      6.514     31.580    135.690     22.380     38.550    -33.650     43.030
      6.529     31.900    135.300     22.850     38.430    -30.820     47.370
      6.543     32.210    134.930     23.360     38.240    -26.740     50.940
      6.557     32.510    134.580     23.890     37.600    -26.820     49.870
      6.571     32.800    134.230     24.400     36.140    -26.250     47.560
      6.586     33.100    133.910     24.900     38.880    -23.240     47.120
      6.600     33.420    133.600     25.410     40.510    -22.030     49.650
      6.614     33.770    133.280     25.940     41.180    -24.570     47.880
      6.629     34.130    132.960     26.430     40.270    -25.690     45.860
      6.643     34.500    132.640     26.910     41.790    -26.590     43.800
      6.657     33.000    132.920     26.580     43.290    -28.080     39.620
      6.671     33.500    132.630     27.100     45.290    -27.770     42.210
      6.686     34.030    132.340     27.610     42.240    -27.940     37.350
      6.700     34.570    132.040     28.100     43.930    -27.530     35.370
      6.714     37.610    131.490     29.840     40.890    -27.740     42.220
      6.729     37.420    130.740     30.390     40.470    -29.650     38.590
      6.743     38.090    130.330     30.900     41.830    -30.120     41.040
      6.757     38.770    129.960     31.420     40.590    -27.730     41.510
      6.771     39.440    129.550     31.870     38.330    -31.810     34.420
      6.786     40.090    129.110     32.250     37.750    -34.690     29.810
      6.800     40.770    128.670     32.630     40.890    -32.880     35.030
      6.814     41.480    128.280     33.060     40.120    -32.140     33.800
      6.829     42.140    127.860     33.460     39.250    -32.690     30.960
      6.843     42.770    127.450     33.850     38.510    -32.260     30.620
      6.857     43.390    127.040     34.270     39.220    -33.280     31.550
      6.871     42.190    127.160     34.090     40.470    -33.990     28.640
      6.886     42.690    126.760     34.530     39.760    -35.060     27.050
      6.900     43.180    126.350     34.960     40.510    -33.770     28.840
      6.914     43.690    125.940     35.430     41.310    -33.580     31.570
      6.929     44.210    125.510     35.910     40.740    -34.160     27.800
      6.943     44.750    125.060     36.370     41.240    -33.640     26.120
      6.957     45.280    124.610     36.830     42.120    -32.440     28.040
      6.971     45.800    124.160     37.280     40.790    -33.360     25.210
      6.986     46.330    123.690     37.720     40.520    -34.150     25.850
      7.000     46.840    123.230     38.150     40.030    -32.180     26.870
      7.014     47.340    122.760     38.580     36.910    -33.270     22.420
      7.029     47.840    122.260     38.970     35.730    -34.650     20.290
      7.043     48.330    121.760     39.360     36.120    -34.310     20.610
      7.057     48.840    121.270     39.740     37.200    -33.350     18.270
      7.071     49.340    120.760     40.090     34.660    -36.050     14.020
      7.086     49.830    120.260     40.420     34.260    -34.170     14.010
      7.100     50.330    119.770     40.760     34.860    -32.400     15.920
      7.114     50.840    119.290     41.100     35.600    -31.460     14.630
      7.129     51.360    118.810     41.440     33.980    -31.670     12.920
      7.143     51.860    118.340     41.750     33.780    -30.290     13.390
      7.157     52.360    117.890     42.090     33.750    -29.760     15.280
      7.171     52.860    117.450     42.430     34.580    -29.150     13.730
      7.186     53.380    117.010     42.770     35.910    -28.120     16.060
      7.200     53.900    116.590     43.120     34.750    -27.810     14.790
      7.214     54.410    116.180     43.450     34.750    -27.740     14.040
      7.229     54.930    115.780     43.780     36.180    -26.940     16.010
      7.243     55.460    115.400     44.130     36.880    -25.570     16.980
      7.257     56.000    115.020     44.480     38.530    -25.790     17.230
      7.271     56.530    114.640     44.820     36.420    -27.310     15.760
      7.286     57.060    114.250     45.140     36.860    -28.240     14.680
      7.300     57.580    113.870     45.460     37.960    -27.580     17.320
      7.314     58.130    113.490     45.810     37.650    -26.610     19.970
      7.329     58.650    113.130     46.160     36.360    -25.400     19.470
      7.343     59.180    112.770     46.510     36.530    -24.450     20.680
      7.357     59.700    112.420     46.850     35.710    -25.000     21.240
      7.371     60.210    112.080     47.190     34.870    -23.390     19.790
      7.386     60.710    111.740     47.530     31.990    -23.120     20.230
      7.400     61.200    111.410     47.850     32.970    -22.460     18.720
      7.414     61.710    111.080     48.170     34.300    -22.840     20.070
      7.429     62.220    110.760     48.490     35.600    -22.790     19.710
      7.443     62.750    110.430     48.810     36.450    -22.430     19.360
      7.457     63.270    110.120     49.120     36.460    -22.510     20.750
      7.471     63.800    109.800     49.440     36.900    -23.170     20.360
      7.486     64.330    109.470     49.750     36.400    -23.480     19.820
      7.500     64.870    109.140     50.060     36.010    -24.210     21.470
      7.514     65.400    108.820     50.390     35.850    -22.430     22.870
      7.529     65.930    108.500     50.710     35.310    -23.320     22.460
      7.543     66.450    108.180     51.030     34.770    -22.270     21.620
      7.557     66.980    107.870     51.340     35.790    -22.090     22.490
      7.571     67.510    107.570     51.650     36.070    -21.420     22.230
      7.586     68.040    107.270     51.960     35.610    -21.100     23.490
      7.600     68.580    106.970     52.280     37.200    -19.650     24.330
      7.614     69.120    106.680     52.590     36.430    -20.580     23.500
      7.629     69.650    106.370     52.890     34.360    -22.140     22.160
      7.643     70.170    106.070     53.190     34.390    -21.170     21.960
      7.657     70.700    105.770     53.490     33.990    -21.020     21.700
      7.671     71.220    105.460     53.770     32.920    -22.490     21.470
      7.686     71.730    105.150     54.060     33.070    -21.780     21.160
      7.700     72.260    104.850     54.350     33.630    -20.290     22.090
      7.714     72.780    104.560     54.650     32.140    -20.220     21.940
      7.729     73.300    104.270     54.940     31.430    -18.530     21.480
      7.743     73.810    103.990     55.240     31.560    -18.530     22.060
      7.757     74.340    103.720     55.540     33.620    -17.060     22.500
      7.771     74.870    103.460     55.840     32.650    -17.490     23.330
      7.786     75.390    103.200     56.150     32.420    -17.400     22.260
      7.800     75.920    102.940     56.450     32.440    -17.190     21.370
      7.814     76.440    102.680     56.750     31.510    -16.320     21.820
      7.829     76.970    102.420     57.040     32.350    -18.720     19.050
      7.843     77.490    102.140     57.320     29.350    -19.730     18.520
      7.857     77.990    101.860     57.600     29.200    -19.240     18.100
      7.871     78.500    101.590     57.890     31.010    -18.330     18.570
      7.886     79.020    101.320     58.190     30.800    -17.480     19.940
      7.900     79.540    101.060     58.490     31.510    -17.950     18.700
      7.914     80.060    100.800     58.780     32.670    -18.350     17.980
      7.929     80.590    100.530     59.080     32.620    -18.700     18.300
      7.943     81.110    100.260     59.370     32.450    -20.160     17.090
      7.957     81.630     99.970     59.670     33.670    -19.910     17.470
      7.971     82.160     99.700     59.980     37.080    -18.710     19.480
      7.986     82.700     99.430     60.310     35.560    -18.810     20.330
      8.000     83.230     99.150     60.640     34.970    -18.990     20.460
      8.014     83.750     98.870     60.980     34.590    -19.570     21.600
      8.029     84.260     98.600     61.320     34.840    -18.400     21.490
      8.043     84.770     98.330     61.670     34.630    -17.450     22.470
      8.057     85.270     98.070     62.030     34.850    -17.250     22.490
      8.071     85.760     97.810     62.390     34.830    -16.710     22.990
      8.086     86.250     97.560     62.760     35.660    -16.570     25.850
      8.100     86.740     97.310     63.150     35.970    -16.570     25.940
      8.114     87.230     97.060     63.540     34.440    -15.660     25.970
      8.129     87.710     96.820     63.920     34.540    -15.960     23.910
      8.143     88.180     96.570     64.280     34.400    -16.200     23.240
      8.157     88.660     96.330     64.650     36.790    -14.940     24.530
      8.171     89.140     96.100     65.040     36.440    -14.190     26.730
      8.186     89.610     95.880     65.430     35.160    -14.430     26.530
      8.200     90.070     95.650     65.830     32.690    -16.520     28.090
      8.214     90.500     95.400     66.220     32.370    -17.880     26.330
      8.229     90.940     95.140     66.610     34.250    -18.170     26.510
      8.243     91.390     94.890     67.000     35.260    -16.780     28.430
      8.257     91.840     94.640     67.400     34.660    -18.150     28.560
      8.271     92.280     94.390     67.810     35.290    -17.910     30.870
      8.286     92.730     94.130     68.230     34.960    -17.990     32.010
      8.300     93.170     93.870     68.640     34.460    -18.020     31.360
      8.314     93.610     93.610     69.060     35.720    -18.640     33.010
      8.329     94.050     93.340     69.490     34.210    -19.160     34.670
      8.343     94.500     93.060     69.920     35.050    -19.230     34.900
      8.357     94.950     92.770     70.360     36.440    -19.830     34.960
      8.371     95.420     92.480     70.780     36.350    -21.240     32.940
      8.386     95.890     92.150     71.190     36.800    -24.150     31.970
      8.400     96.360     91.830     71.600     36.670    -23.050     33.380
      8.414     96.860     91.500     72.000     38.700    -24.520     31.540
      8.429     97.350     91.150     72.390     36.490    -25.430     31.520
      8.443     97.840     90.800     72.770     34.930    -25.260     30.930
      8.457     98.330     90.440     73.160     35.980    -25.870     30.470
      8.471     98.830     90.070     73.540     35.570    -26.500     31.530
      8.486     99.330     89.700     73.930     36.040    -25.820     30.550
      8.500     99.840     89.310     74.310     36.700    -28.210     31.160
      8.514    100.360     88.920     74.690     37.020    -28.810     30.710
      8.529    100.890     88.520     75.070     37.900    -28.140     30.810
      8.543    101.430     88.130     75.470     39.000    -28.610     31.770
      8.557    101.970     87.730     75.860     37.100    -27.780     31.040
      8.571    102.500     87.330     76.250     36.200    -27.090     30.500
      8.586    103.030     86.940     76.640     35.820    -27.200     27.930
      8.600    103.550     86.540     77.010     35.310    -29.590     25.640
      8.614    104.070     86.130     77.380     34.690    -31.900     25.460
      8.629    104.580     85.710     77.740     33.200    -32.170     24.290
      8.643    105.070     85.280     78.110     31.550    -32.600     24.970
      8.657    105.550     84.860     78.480     31.220    -32.920     25.720
      8.671    106.030     84.440     78.860     29.770    -32.240     25.530
      8.686    106.490     84.020     79.230     28.920    -32.190     24.430
      8.700    106.950     83.610     79.610     29.190    -31.610     24.890
      8.714    107.410     83.200     79.990     30.290    -29.800     24.340
      8.729    107.870     82.800     80.360     30.300    -29.970     23.240
      8.743    108.330     82.410     80.730     30.730    -29.560     22.400
      8.757    108.800     82.020     81.090     32.140    -28.290     23.760
      8.771    109.270     81.640     81.460     34.010    -27.740     24.100
      8.786    109.760     81.260     81.830     33.610    -27.340     23.720
      8.800    110.240     80.890     82.200     33.370    -26.900     22.840
      8.814    110.710     80.520     82.550     34.310    -27.460     21.760
      8.829    111.190     80.140     82.900     34.240    -27.560     20.770
      8.843    111.660     79.760     83.240     33.220    -27.910     20.000
      8.857    112.120     79.380     83.560     32.160    -29.090     18.940
      8.871    112.570     78.980     83.890     32.230    -28.780     19.530
      8.886    113.020     78.590     84.220     32.340    -27.980     20.020
      8.900    113.470     78.200     84.550     30.690    -27.650     19.100
      8.914    113.910     77.800     84.860     31.450    -28.690     18.090
      8.929    114.350     77.400     85.180     30.540    -26.810     18.830
      8.943    114.790     77.010     85.500     31.960    -26.140     19.050
      8.957    115.230     76.620     85.830     31.850    -27.090     20.600
      8.971    115.670     76.220     86.170     31.580    -26.700     20.480
      8.986    116.100     75.820     86.500     31.910    -27.270     19.980
      9.000    116.530     75.420     86.840     31.810    -26.190     20.720
      9.014    116.960     75.020     87.180     32.590    -25.940     21.540
      9.029    117.390     74.620     87.520     29.730    -25.260     21.090
      9.043    117.790     74.210     87.860     29.310    -26.600     20.160
      9.057    118.200     73.800     88.200     29.250    -24.540     20.900
      9.071    118.600     73.400     88.530     29.110    -23.650     21.270
      9.086    118.990     72.990     88.870     28.310    -24.910     21.090
      9.100    119.380     72.590     89.190     27.940    -22.440     19.160
      9.114    119.770     72.200     89.520     30.730    -23.690     19.650
      9.129    120.180     71.800     89.840     30.700    -23.940     19.810
      9.143    120.580     71.390     90.170     31.170    -25.490     19.650
      9.157    120.980     70.960     90.500     31.830    -26.870     20.820
      9.171    121.380     70.540     90.820     29.950    -25.840     19.810
      9.186    121.760     70.120     91.130     29.760    -23.930     20.440
      9.200    122.150     69.720     91.450     31.660    -24.560     20.700
      9.214    122.550     69.300     91.770     31.920    -26.040     20.920
      9.229    122.940     68.880     92.080     30.840    -25.770     21.410
      9.243    123.330     68.480     92.390     31.110    -24.390     21.290
      9.257    123.720     68.080     92.690     30.230    -24.530     19.850
      9.271    124.100     67.690     92.990     29.710    -23.910     20.490
      9.286    124.490     67.300     93.290     30.170    -24.290     19.230
      9.300    124.870     66.900     93.590     30.270    -26.240     20.500
      9.314    125.250     66.510     93.890     30.710    -25.270     21.510
      9.329    125.650     66.120     94.200     31.320    -24.480     21.360
      9.343    126.050     65.750     94.500     31.900    -24.240     20.760
      9.357    126.440     65.380     94.800     30.970    -25.730     21.280
      9.371    126.840     65.000     95.090     28.920    -25.670     21.800
      9.386    127.220     64.640     95.370     27.800    -24.240     21.450
      9.400    127.600     64.290     95.650     27.120    -23.160     21.390
      9.414    127.970     63.960     95.930     26.630    -22.160     20.880
      9.429    128.350     63.640     96.200     27.670    -22.510     21.600
      9.443    128.750     63.310     96.470     28.160    -24.450     21.430
      9.457    129.130     62.980     96.740     25.180    -22.450     21.810
      9.471    129.500     62.670     97.000     24.380    -20.800     21.140
      9.486    129.870     62.370     97.260     26.220    -19.850     21.770
      9.500    130.250     62.080     97.540     24.920    -17.900     23.960
      9.514    130.630     61.810     97.820     25.740    -17.550     22.870
      9.529    131.020     61.550     98.090     26.460    -17.040     21.120
      9.543    131.420     61.290     98.360     26.400    -15.700     20.880
      9.557    131.820     61.040     98.630     26.190    -16.440     21.190
      9.571    132.230     60.790     98.900     26.580    -15.870     21.920
      9.586    132.630     60.550     99.190     26.580    -15.010     23.170
      9.600    133.050     60.320     99.490     27.130    -13.900     22.190
      9.614    133.460     60.100     99.790     26.340    -13.720     23.510
      9.629    133.880     59.880    100.100     27.780    -12.850     23.030
      9.643    134.300     59.670    100.420     27.710    -14.050     23.200
      9.657    134.730     59.460    100.760     29.250    -12.970     24.440
      9.671    135.170     59.260    101.110     30.280    -12.150     25.390
      9.686    135.620     59.080    101.480     30.930    -12.880     25.140
      9.700    136.080     58.890    101.840     31.250    -13.440     23.990
      9.714    136.540     58.700    102.210     29.520    -13.600     23.760
      9.729    136.990     58.520    102.580     29.990    -14.360     23.740
      9.743    137.460     58.340    102.960     30.440    -14.580     23.260
      9.757    137.930     58.150    103.340     30.600    -15.310     24.550
      9.771    138.420     57.970    103.730     32.660    -14.360     25.130
      9.786    138.910     57.780    104.130     33.050    -14.780     24.280
      9.800    139.410     57.590    104.520     33.990    -16.870     24.220
      9.814    139.910     57.400    104.920     34.360    -17.000     25.830
      9.829    140.410     57.200    105.340     34.600    -18.000     26.940
      9.843    140.920     57.010    105.760     34.330    -17.180     26.180
      9.857    141.420     56.820    106.180     33.670    -18.690     27.480
      9.871    141.920     56.620    106.600     35.210    -18.900     27.790
      9.886    142.430     56.430    107.020     35.180    -19.630     29.340
      9.900    142.930     56.220    107.460     34.560    -20.390     29.460
      9.914    143.430     56.010    107.890     33.810    -20.500     29.420
      9.929    143.930     55.810    108.330     34.440    -21.530     29.950
      9.943    144.430     55.590    108.770     34.000    -20.680     29.310
      9.957    144.930     55.380    109.210     34.470    -21.680     29.230
      9.971    145.420     55.170    109.630     33.690    -20.460     28.220
      9.986    145.910     54.960    110.060     33.550    -20.270     29.360
     10.000    146.420     54.750    110.490     35.250    -19.550     29.600
     10.014    146.920     54.540    110.920     36.330    -20.220     30.830
     10.029    147.440     54.330    111.360     35.910    -19.960     31.210
     10.043    147.950     54.110    111.790     36.000    -19.590     31.920
     10.057    148.470     53.890    112.230     35.140    -19.530     33.200
     10.071    148.990     53.660    112.660     34.760    -19.670     31.400
     10.086    149.500     53.420    113.090     34.410    -19.220     32.460
     10.100    150.020     53.180    113.520     34.170    -18.950     33.890
     10.114    150.540     52.940    113.960     34.080    -17.890     31.560
     10.129    151.050     52.700    114.370     32.720    -19.010     31.720
     10.143    151.570     52.440    114.790     32.610    -18.540     32.450
     10.157    152.090     52.180    115.220     32.500    -17.810     33.150
     10.171    152.610     51.910    115.640     32.080    -17.810     32.760
     10.186    153.130     51.650    116.060     33.070    -17.870     32.510
     10.200    153.660     51.360    116.480     33.220    -19.940     32.290
     10.214    154.180     51.050    116.910     32.800    -20.170     32.290
     10.229    154.720     50.750    117.330     34.490    -19.180     31.710
     10.243    155.280     50.440    117.750     35.150    -19.180     31.210
     10.257    155.830     50.130    118.170     33.520    -19.140     30.100
     10.271    156.370     49.810    118.590     34.140    -18.810     29.170
     10.286    156.920     49.490    119.010     35.350    -19.650     30.120
     10.300    157.480     49.170    119.440     34.820    -20.160     29.540
     10.314    158.030     48.830    119.870     35.790    -21.060     29.090
     10.329    158.580     48.500    120.300     35.610    -21.090     28.940
     10.343    159.140     48.160    120.740     35.290    -21.630     28.860
     10.357    159.680     47.810    121.190     34.850    -22.240     29.090
     10.371    160.220     47.470    121.640     34.590    -21.170     30.860
     10.386    160.760     47.120    122.100     34.840    -21.710     29.570
     10.400    161.290     46.770    122.560     34.470    -22.130     28.210
     10.414    161.820     46.420    123.000     34.040    -22.860     27.770
     10.429    162.340     46.060    123.450     33.730    -22.750     27.370
     10.443    162.860     45.700    123.900     33.060    -23.940     27.500
     10.457    163.380     45.330    124.350     34.150    -25.450     26.520
     10.471    163.890     44.940    124.790     32.560    -28.130     25.470
     10.486    164.380     44.540    125.220     31.880    -29.540     24.930
     10.500    164.870     44.130    125.640     31.720    -28.740     24.250
     10.514    165.360     43.730    126.060     33.110    -29.470     23.240
     10.529    165.830     43.310    126.460     31.150    -30.240     22.980
     10.543    166.300     42.900    126.860     31.800    -31.320     22.480
     10.557    166.750     42.470    127.250     30.800    -31.520     21.330
     10.571    167.190     42.060    127.620     30.720    -31.620     19.870
     10.586    167.630     41.640    127.980     30.800    -32.980     19.770
     10.600    168.060     41.200    128.340     30.490    -33.230     18.920
     10.614    168.490     40.780    128.680     31.040    -31.370     18.730
     10.629    168.900     40.380    129.020     30.140    -29.220     18.500
     10.643    169.300     39.990    129.350     29.780    -28.640     18.900
     10.657    169.700     39.600    129.670     30.420    -28.110     19.110
     10.671    170.090     39.210    129.990     29.450    -28.460     18.950
     10.686    170.470     38.820    130.290     29.060    -28.480     17.550
     10.700    170.840     38.440    130.590     29.710    -27.930     19.280
     10.714    171.220     38.060    130.890     30.640    -27.010     18.530
     10.729    171.590     37.680    131.170     30.130    -25.720     17.680
     10.743    171.960     37.310    131.450     29.450    -24.790     17.810
     10.757    172.320     36.950    131.730     28.190    -24.640     17.620
     10.771    172.660     36.580    132.000     27.440    -23.940     18.400
     10.786    173.000     36.220    132.280     27.400    -25.390     18.770
     10.800    173.340     35.850    132.550     26.460    -24.070     19.370
     10.814    173.670     35.490    132.810     26.780    -22.880     19.090
     10.829    174.000     35.140    133.070     26.000    -20.770     18.620
     10.843    174.320     34.800    133.320     26.390    -20.060     18.160
     10.857    174.640     34.470    133.570     26.090    -18.170     17.990
     10.871    174.960     34.150    133.820     26.890    -18.260     17.790
     10.886    175.280     33.830    134.060     27.150    -18.410     18.340
     10.900    175.610     33.520    134.300     28.460    -17.640     20.250
     10.914    175.940     33.210    134.550     29.150    -17.850     20.620
     10.929    176.280     32.900    134.800     28.070    -17.250     21.610
     10.943    176.610     32.600    135.060     26.910    -16.620     22.310
     10.957    176.940     32.310    135.310     27.730    -15.650     22.440
     10.971    177.280     32.030    135.570     29.020    -15.630     24.070
     10.986    177.630     31.750    135.840     28.510    -15.230     24.420
     11.000    177.990     31.480    136.120     30.020    -15.260     25.770
     11.014    178.360     31.220    136.400     31.980    -14.750     25.020
     11.029    178.750     30.950    136.670     31.120    -15.550     24.850
     11.043    179.140     30.690    136.960     31.210    -16.250     26.040
     11.057    179.530     30.420    137.250     30.430    -17.200     26.920
     11.071    179.920     30.150    137.560     31.210    -16.700     26.840
     11.086    180.320     29.880    137.860     30.310    -17.470     27.420
     11.100    180.720     29.610    138.160     29.750    -17.240     27.240
     11.114    181.130     29.350    138.470     30.620    -16.620     27.460
     11.129    181.530     29.080    138.780     29.460    -18.450     28.010
     11.143    181.940     28.810    139.090     29.260    -20.110     28.470
     11.157    182.340     28.530    139.410     28.500    -20.210     28.250
     11.171    182.740     28.260    139.730     27.820    -19.380     28.370
     11.186    183.150     27.980    140.050     27.600    -20.890     30.170
     11.200    183.550     27.710    140.380     27.510    -20.270     28.610
     11.214    183.960     27.440    140.710     29.010    -20.170     29.320
     11.229    184.390     27.170    141.040     29.960    -19.430     29.640
     11.243    184.820     26.920    141.370     28.410    -18.490     30.580
     11.257    185.250     26.680    141.710     29.260    -17.530     29.120
     11.271    185.680     26.460    142.030     28.990    -15.960     28.010
     11.286    186.120     26.240    142.350     29.490    -16.740     27.490
     11.300    186.570     26.010    142.680     30.560    -17.480     29.020
     11.314    187.030     25.790    143.020     29.620    -18.830     28.670
     11.329    187.480     25.540    143.350     29.910    -20.470     27.570
     11.343    187.930     25.290    143.690     28.710    -19.910     27.520
     11.357    188.390     25.040    144.020     29.540    -21.920     26.780
     11.371    188.850     24.770    144.370     29.850    -22.810     28.630
     11.386    189.320     24.500    144.730     30.470    -22.950     28.490
     11.400    189.790     24.220    145.080     29.340    -23.090     26.410
     11.414    190.260     23.940    145.440     28.680    -21.680     26.220
     11.429    190.720     23.680    145.800     30.600    -21.000     27.140
