#         t          x          y          z         vx         vy         vz
      0.000     -2.080      2.950     -1.450      0.500      8.240     -1.660
      0.014     -2.040      3.100     -1.480      1.140      8.080     -0.530
      0.029     -1.930      3.200     -1.480      1.770      7.180     -0.970
      0.043     -1.840      3.220     -1.490      0.250      5.760     -1.450
      0.057     -1.790      3.180     -1.480      0.690      7.600     -0.990
      0.071     -1.820      3.160     -1.470     -0.300      6.860     -0.790
      0.086     -1.800      3.140     -1.470     -0.930      5.980     -1.600
      0.100     -1.820      3.150     -1.500     -1.910      7.440     -1.510
      0.114     -1.880      3.240     -1.530     -1.840      8.290     -0.950
      0.129     -1.870      3.200     -1.540     -2.670      9.030     -1.290
      0.143     -1.900      3.210     -1.550     -4.940     10.010     -0.940
      0.157     -1.990      3.290     -1.560     -2.790     10.660     -1.700
      0.171     -2.040      3.380     -1.610     -3.480     10.450     -1.010
      0.186     -2.100      3.440     -1.610     -4.780      9.850     -0.490
      0.200     -2.160      3.460     -1.570     -3.870      8.830      1.180
      0.214     -2.160      3.410     -1.580     -3.480      7.770     -0.060
      0.229     -2.210      3.430     -1.580     -4.770      7.550      0.030
      0.243     -2.290      3.470     -1.570     -5.550      7.110     -0.500
      0.257     -2.330      3.620     -1.600     -5.700      6.320     -0.430
      0.271     -2.400      3.700     -1.610     -5.530      8.070      0.210
      0.286     -2.450      3.780     -1.610     -5.400      7.320      0.430
      0.300     -2.510      3.850     -1.600     -7.310      5.920      0.450
      0.314     -2.540      3.950     -1.600     -4.180      7.490     -0.000
      0.329     -2.560      4.040     -1.600     -5.640      8.180      0.120
      0.343     -2.740      3.980     -1.540     -6.670      6.920      0.990
      0.357     -2.790      4.060     -1.530     -8.220      6.590      0.270
      0.371     -2.870      4.110     -1.540    -10.500      8.120      0.270
      0.386     -3.000      4.220     -1.530    -11.760      9.810     -0.440
      0.400     -3.140      4.350     -1.560    -10.950     12.070     -1.580
      0.414     -3.260      4.500     -1.590    -10.660     13.280     -2.560
      0.429     -3.330      4.690     -1.620     -7.490     13.890     -2.270
      0.443     -3.340      4.930     -1.670     -7.160     12.210     -2.290
      0.457     -3.430      5.090     -1.710     -5.800     11.530     -2.750
      0.471     -3.510      5.250     -1.750     -4.500     11.960     -3.000
      0.486     -3.550      5.420     -1.790     -4.210      9.670     -2.400
      0.500     -3.570      5.570     -1.830     -3.390      9.310     -3.530
      0.514     -3.600      5.690     -1.870     -3.610      8.440     -3.540
      0.529     -3.620      5.810     -1.920     -4.190      7.990     -2.860
      0.543     -3.650      5.930     -1.960     -2.940      6.940     -2.440
      0.557     -3.650      6.020     -2.010     -2.830      5.480     -2.460
      0.571     -3.670      6.110     -2.040     -4.510      5.220     -2.430
      0.586     -3.710      6.170     -2.080     -5.480      5.070     -2.310
      0.600     -3.760      6.240     -2.120     -5.470      3.800     -1.790
      0.614     -3.890      6.350     -2.100     -5.310      6.120     -2.200
      0.629     -3.900      6.460     -2.130     -5.190      4.710     -1.570
      0.643     -3.950      6.550     -2.150     -7.030      4.840     -1.440
      0.657     -3.970      6.650     -2.160     -5.380      5.610     -0.740
      0.671     -4.010      6.720     -2.160     -6.430      4.500     -0.440
      0.686     -4.040      6.800     -2.170     -6.640      6.050     -0.520
      0.700     -4.050      6.900     -2.180     -7.180      5.720     -1.740
      0.714     -4.090      6.980     -2.210     -7.250      6.710     -1.650
      0.729     -4.080      7.030     -2.260     -8.660      5.380     -2.440
      0.743     -4.190      7.090     -2.300     -9.210      8.440     -2.070
      0.757     -4.260      7.230     -2.360     -8.840     10.670     -3.560
      0.771     -4.390      7.350     -2.450     -8.540     11.050     -5.860
      0.786     -4.460      7.460     -2.560     -8.200     10.830     -6.710
      0.800     -4.590      7.590     -2.670     -7.650     11.140     -7.210
      0.814     -4.730      7.740     -2.780     -6.810      9.440     -7.750
      0.829     -4.880      7.890     -2.910     -7.300      8.340     -9.200
      0.843     -5.000      8.030     -3.040     -8.190      6.030    -10.020
      0.857     -5.130      8.180     -3.190    -11.100      6.660     -9.050
      0.871     -5.260      8.350     -3.300    -12.190      8.460     -7.790
      0.886     -5.450      8.520     -3.410    -13.150      9.690     -8.160
      0.900     -5.610      8.730     -3.500    -12.580      9.960     -7.300
      0.914     -5.770      8.920     -3.590    -12.560     11.240     -7.610
      0.929     -5.920      9.070     -3.710    -12.660     10.710     -8.630
      0.943     -6.130      9.240     -3.850    -12.400     11.870     -8.060
      0.957     -6.320      9.370     -3.970    -11.490     11.810     -8.440
      0.971     -6.340      9.980     -4.050     -9.700     11.370     -9.060
      0.986     -6.470     10.150     -4.180     -7.910     12.650     -9.090
      1.000     -6.560     10.330     -4.310     -5.060     12.740     -8.260
      1.014     -6.630     10.480     -4.420     -5.310     10.740     -8.380
      1.029     -6.710     10.620     -4.530     -4.760     10.180     -7.320
      1.043     -6.780     10.760     -4.640     -5.250     10.680     -7.610
      1.057     -6.860     10.890     -4.750     -6.170      9.680     -8.120
      1.071     -6.940     11.050     -4.880     -5.400     11.460    -10.120
      1.086     -7.040     11.220     -5.010     -6.220     12.160    -10.010
      1.100     -7.140     11.400     -5.150     -5.820     13.490     -9.620
      1.114     -7.230     11.600     -5.290     -5.810     14.570    -10.290
      1.129     -7.330     11.810     -5.450     -6.460     16.000    -11.760
      1.143     -7.450     12.040     -5.610     -6.980     17.010    -12.040
      1.157     -7.560     12.300     -5.770     -7.120     18.250    -10.800
      1.171     -7.680     12.570     -5.920     -6.210     16.880    -11.850
      1.186     -7.790     12.830     -6.080     -5.660     15.870    -11.440
      1.200     -7.630     13.190     -6.280     -4.710     14.350    -11.490
      1.214     -7.680     13.410     -6.440     -5.770     14.310    -10.720
      1.229     -7.620     13.550     -6.600     -8.950     12.590    -10.790
      1.243     -7.750     13.770     -6.760     -9.040     13.330    -12.140
      1.257     -7.860     13.980     -6.910     -8.300     13.640    -10.500
      1.271     -8.510     14.260     -7.010    -10.220     15.360    -10.340
      1.286     -8.670     14.490     -7.170    -11.210     15.480    -10.380
      1.300     -8.840     14.740     -7.320    -11.560     17.830    -11.020
      1.314     -8.990     15.000     -7.480    -10.310     17.300    -10.470
      1.329     -9.130     15.280     -7.640    -10.740     19.840    -11.730
      1.343     -9.260     15.570     -7.800    -10.050     19.520    -10.900
      1.357     -9.400     15.850     -7.960     -9.690     19.780    -11.150
      1.371     -9.520     16.140     -8.120    -10.440     18.440    -11.790
      1.386     -9.650     16.410     -8.280     -9.390     16.970    -12.220
      1.400     -9.740     16.650     -8.460     -9.120     15.850    -12.490
      1.414     -9.870     16.850     -8.640     -9.060     15.960    -13.850
      1.429     -9.990     17.060     -8.840    -11.830     14.120    -13.780
      1.443    -10.130     17.260     -9.020    -10.620     16.110    -13.640
      1.457    -10.280     17.460     -9.230    -12.640     15.930    -14.970
      1.471    -10.440     17.700     -9.430    -11.880     18.340    -14.410
      1.486    -10.630     17.960     -9.630    -12.370     20.380    -15.120
      1.500    -10.780     18.250     -9.830    -12.130     20.770    -14.770
      1.514    -10.940     18.530    -10.040    -11.510     20.620    -14.960
      1.529    -11.100     18.810    -10.240    -10.920     21.670    -14.300
      1.543    -11.240     19.100    -10.440    -11.570     21.820    -14.700
      1.557    -11.420     19.410    -10.650    -12.990     23.800    -14.410
      1.571    -11.570     19.750    -10.860    -11.430     25.090    -16.180
      1.586    -11.700     20.070    -11.080    -10.860     23.610    -15.190
      1.600    -11.850     20.380    -11.280    -12.580     23.800    -13.180
      1.614    -12.040     20.740    -11.450    -13.240     25.730    -11.980
      1.629    -12.230     21.110    -11.630    -12.440     25.990    -12.050
      1.643    -12.410     21.480    -11.800    -13.100     25.990    -12.450
      1.657    -12.580     21.830    -11.990    -12.580     26.460    -12.890
      1.671    -12.770     22.200    -12.180    -13.030     26.220    -13.440
      1.686    -12.970     22.560    -12.370    -12.960     26.410    -13.050
      1.700    -13.140     22.940    -12.550    -12.810     26.370    -13.760
      1.714    -13.330     23.330    -12.740    -12.240     26.670    -13.400
      1.729    -13.500     23.710    -12.940    -12.310     26.230    -14.100
      1.743    -13.680     24.100    -13.140    -12.010     24.630    -13.720
      1.757    -13.820     24.470    -13.330    -11.500     23.540    -14.660
      1.771    -13.970     24.830    -13.540    -13.330     24.550    -15.160
      1.786    -14.150     25.190    -13.750    -14.370     25.060    -15.980
      1.800    -14.340     25.550    -13.970    -15.690     25.310    -15.390
      1.814    -14.550     25.930    -14.190    -16.170     25.290    -15.410
      1.829    -14.710     26.090    -14.440    -16.420     24.900    -15.780
      1.843    -15.030     26.520    -14.660    -19.190     27.200    -15.460
      1.857    -15.250     26.840    -14.850    -19.360     28.820    -15.140
      1.871    -15.550     27.370    -15.060    -19.810     28.560    -13.510
      1.886    -15.840     27.810    -15.240    -20.330     27.980    -14.290
      1.900    -16.120     28.250    -15.440    -22.520     30.940    -13.800
      1.914    -16.410     28.750    -15.620    -22.090     31.030    -12.780
      1.929    -16.690     29.210    -15.800    -22.340     30.750    -15.000
      1.943    -16.980     29.660    -16.020    -23.700     30.260    -14.910
      1.957    -17.310     30.120    -16.240    -24.240     33.520    -15.460
      1.971    -17.590     30.650    -16.430    -23.330     34.840    -16.310
      1.986    -17.910     31.150    -16.660    -23.850     34.850    -17.500
      2.000    -18.230     31.640    -16.880    -22.110     34.720    -16.310
      2.014    -18.540     32.120    -17.100    -23.910     34.960    -15.630
      2.029    -18.880     32.630    -17.330    -24.420     35.920    -16.410
      2.043    -19.220     33.170    -17.560    -23.120     39.400    -15.760
      2.057    -19.540     33.720    -17.780    -22.430     38.440    -16.690
      2.071    -19.840     34.290    -18.010    -21.380     41.330    -15.830
      2.086    -20.130     34.860    -18.240    -20.760     40.790    -17.130
      2.100    -20.420     35.460    -18.490    -18.660     40.900    -17.740
      2.114    -20.690     36.010    -18.720    -17.880     37.730    -17.760
      2.129    -20.970     36.550    -18.970    -19.530     39.270    -16.970
      2.143    -21.250     37.110    -19.200    -17.300     39.460    -16.610
      2.157    -21.520     37.700    -19.440    -18.290     40.780    -16.820
      2.171    -21.800     38.290    -19.680    -16.300     40.390    -17.110
      2.186    -22.070     38.880    -19.920    -18.520     39.240    -18.080
      2.200    -22.350     39.460    -20.180    -18.100     40.380    -19.250
      2.214    -22.640     40.030    -20.440    -18.690     39.760    -19.560
      2.229    -22.930     40.600    -20.720    -19.000     38.030    -20.380
      2.243    -23.210     41.160    -21.000    -20.120     37.770    -20.040
      2.257    -23.530     41.720    -21.280    -21.870     37.150    -20.010
      2.271    -23.880     42.270    -21.560    -22.630     39.010    -20.110
      2.286    -24.220     42.840    -21.840    -23.260     38.530    -20.410
      2.300    -24.570     43.420    -22.120    -23.870     40.760    -19.970
      2.314    -24.920     44.020    -22.390    -23.590     41.320    -18.830
      2.329    -25.260     44.640    -22.650    -22.130     42.170    -17.510
      2.343    -25.600     45.280    -22.900    -22.360     43.390    -17.890
      2.357    -25.930     45.900    -23.160    -22.300     42.810    -19.470
      2.371    -26.250     46.520    -23.430    -23.060     42.240    -18.690
      2.386    -26.580     47.140    -23.680    -23.710     41.960    -18.140
      2.400    -26.920     47.770    -23.940    -22.820     43.310    -18.950
      2.414    -27.250     48.400    -24.210    -25.020     42.680    -19.910
      2.429    -27.620     49.030    -24.490    -24.760     42.050    -19.560
      2.443    -27.970     49.650    -24.760    -26.850     43.880    -20.990
      2.457    -28.360     50.280    -25.050    -25.980     45.410    -19.600
      2.471    -28.710     50.920    -25.330    -24.880     47.010    -19.360
      2.486    -29.060     51.570    -25.610    -24.970     47.910    -19.940
      2.500    -29.420     52.260    -25.890    -25.340     50.670    -20.290
      2.514    -29.780     52.990    -26.170    -24.330     51.050    -21.190
      2.529    -30.120     53.740    -26.470    -22.350     54.160    -21.300
      2.543    -30.450     54.500    -26.770    -22.830     54.150    -22.270
      2.557    -30.780     55.270    -27.070    -22.670     53.800    -20.600
      2.571    -31.120     56.010    -27.360    -24.760     53.340    -21.440
      2.586    -31.640     56.710    -27.700    -25.200     54.730    -20.560
      2.600    -32.010     57.470    -27.980    -24.290     55.230    -19.930
      2.614    -32.380     58.250    -28.250    -23.320     54.630    -20.020
      2.629    -32.730     59.020    -28.510    -25.090     53.350    -18.890
      2.643    -33.120     59.790    -28.780    -26.030     55.130    -19.950
      2.657    -33.540     60.500    -29.040    -26.280     55.550    -20.870
      2.671    -33.930     61.320    -29.350    -25.720     55.860    -21.200
      2.686    -34.290     62.130    -29.660    -25.970     56.260    -20.810
      2.700    -34.650     62.910    -29.970    -26.460     56.010    -22.120
      2.714    -35.000     63.720    -30.280    -27.130     55.040    -21.310
      2.729    -35.330     64.490    -30.600    -27.620     57.550    -22.830
      2.743    -35.630     65.240    -30.920    -28.100     58.310    -22.600
      2.757    -36.060     66.050    -31.240    -29.390     56.980    -22.810
      2.771    -36.480     66.880    -31.560    -28.910     59.120    -24.590
      2.786    -36.910     67.720    -31.890    -29.050     60.840    -24.050
      2.800    -37.340     68.580    -32.240    -29.920     60.210    -24.690
      2.814    -37.780     69.450    -32.580    -31.260     61.690    -24.510
      2.829    -38.240     70.340    -32.930    -31.460     63.330    -25.330
      2.843    -38.680     71.260    -33.280    -29.610     64.920    -24.020
      2.857    -39.100     72.170    -33.610    -29.460     63.400    -23.870
      2.871    -39.520     73.060    -33.950    -29.130     62.340    -23.950
      2.886    -39.950     73.970    -34.300    -30.430     63.320    -24.960
      2.900    -40.370     74.880    -34.650    -31.470     64.340    -25.320
      2.914    -40.800     75.820    -35.020    -30.730     65.030    -26.490
      2.929    -41.230     76.770    -35.400    -30.900     66.910    -27.610
      2.943    -41.640     77.730    -35.790    -30.620     67.360    -28.780
      2.957    -42.040     78.730    -36.210    -30.430     69.460    -29.500
      2.971    -42.450     79.740    -36.610    -31.100     70.230    -27.940
      2.986    -42.860     80.730    -37.010    -31.940     70.890    -29.010
      3.000    -43.060     81.310    -37.460    -34.230     72.590    -29.120
      3.014    -43.480     82.380    -37.860    -32.140     73.810    -28.820
      3.029    -43.830     83.460    -38.270    -32.680     74.880    -29.470
      3.043    -44.600     84.980    -38.630    -32.040     78.800    -29.450
      3.057    -45.010     86.110    -39.050    -30.560     77.780    -29.150
      3.071    -45.410     87.240    -39.450    -30.420     79.330    -28.220
      3.086    -45.840     88.390    -39.840    -33.220     79.560    -27.360
      3.100    -46.290     89.540    -40.230    -33.070     80.730    -28.630
      3.114    -46.730     90.690    -40.650    -32.810     80.550    -30.150
      3.129    -47.190     91.860    -41.080    -33.330     80.670    -30.640
      3.143    -47.660     93.020    -41.510    -33.750     82.680    -30.050
      3.157    -47.720     94.180    -41.980    -33.700     80.890    -31.140
      3.171    -48.180     95.400    -42.410    -36.240     80.430    -30.810
      3.186    -48.680     96.620    -42.860    -36.980     82.020    -30.900
      3.200    -49.160     97.880    -43.290    -37.140     84.630    -30.530
      3.214    -49.650     99.160    -43.710    -36.980     85.050    -30.160
      3.229    -50.140    100.440    -44.130    -38.290     85.410    -30.510
      3.243    -50.650    101.690    -44.520    -37.630     85.610    -28.580
      3.257    -51.170    102.950    -44.910    -39.460     89.020    -29.280
      3.271    -51.720    104.280    -45.320    -38.530     89.420    -29.440
      3.286    -52.290    105.600    -45.730    -38.990     89.330    -29.260
      3.300    -52.840    106.950    -46.160    -37.890     91.620    -30.800
      3.314    -53.410    108.290    -46.590    -39.190     91.250    -30.410
      3.329    -54.000    109.640    -47.030    -40.400     91.470    -31.170
      3.343    -54.630    111.010    -47.500    -42.030     94.310    -31.750
      3.357    -55.290    112.450    -47.940    -42.770     97.060    -31.010
      3.371    -55.920    113.920    -48.400    -42.620     99.430    -32.270
      3.386    -56.550    115.340    -48.820    -42.870    102.230    -31.200
      3.400    -57.170    116.870    -49.270    -44.400    104.140    -32.630
      3.414    -57.820    118.400    -49.730    -43.920    106.160    -31.310
      3.429    -58.470    119.970    -50.170    -43.780    108.950    -32.050
      3.443    -59.140    121.600    -50.600    -42.900    111.800    -30.290
      3.457    -59.920    123.140    -50.990    -43.780    114.240    -30.800
      3.471    -60.510    124.820    -51.420    -42.180    116.780    -29.620
      3.486    -61.100    126.530    -51.840    -41.430    119.870    -30.630
      3.500    -61.670    128.290    -52.270    -40.390    122.870    -30.310
      3.514    -62.250    130.070    -52.690    -40.940    123.030    -27.960
      3.529    -62.830    131.840    -53.100    -41.120    123.470    -29.520
      3.543    -63.430    133.650    -53.520    -41.130    126.300    -30.340
      3.557    -64.030    135.470    -53.950    -41.450    128.520    -29.510
      3.571    -64.650    137.340    -54.360    -43.590    131.600    -28.340
      3.586    -65.280    139.250    -54.750    -42.750    135.380    -28.250
      3.600    -65.900    141.220    -55.140    -42.820    138.770    -27.330
      3.614    -66.520    143.240    -55.530    -43.350    142.610    -27.590
      3.629    -67.160    145.300    -55.920    -43.270    146.250    -27.700
      3.643    -67.790    147.430    -56.320    -43.020    149.540    -28.070
      3.657    -68.430    149.610    -56.710    -41.450    153.060    -26.820
      3.671    -69.040    151.840    -57.080    -39.630    157.240    -26.970
      3.686    -69.630    154.120    -57.430    -42.420    161.200    -23.970
      3.700    -70.250    156.480    -57.760    -41.810    165.680    -22.860
      3.714    -70.860    158.890    -58.070    -41.760    170.240    -21.190
      3.729    -71.470    161.380    -58.360    -42.510    173.690    -19.620
      3.743    -72.120    163.900    -58.620    -43.530    177.530    -17.300
      3.757    -72.740    166.470    -58.850    -42.830    181.770    -14.940
      3.771    -73.390    169.120    -59.060    -43.810    187.040    -14.290
      3.786    -74.050    171.840    -59.250    -42.380    192.800    -11.430
      3.800    -74.660    174.640    -59.390    -40.920    197.520     -7.960
      3.814    -75.270    177.530    -59.470    -42.350    204.180     -4.720
      3.829    -75.880    180.510    -59.500    -39.920    210.560     -0.470
      3.843    -76.440    183.590    -59.480    -38.540    218.990      4.710
      3.857    -76.970    186.780    -59.380    -35.440    226.010      9.310
      3.871    -77.470    190.050    -59.200    -33.420    235.330     15.230
      3.886    -77.900    193.480    -58.920    -27.360    244.390     23.860
      3.900    -78.250    197.020    -58.520    -21.750    252.820     32.720
      3.914    -78.500    200.670    -57.960    -12.790    258.840     44.400
      3.929    -78.630    204.410    -57.230     -5.660    265.610     57.410
      3.943    -78.630    208.210    -56.300      5.550    268.200     72.810
      3.957    -78.430    212.040    -55.130     19.100    267.690     88.420
      3.971    -78.040    215.820    -53.740     34.140    263.560    103.930
      3.986    -77.480    219.520    -52.130     47.790    256.640    118.290
      4.000    -76.710    223.100    -50.340     58.870    246.400    129.580
      4.014    -75.800    226.520    -48.400     68.850    233.240    140.100
      4.029    -74.760    229.730    -46.360     78.520    219.880    144.430
      4.043    -73.640    232.770    -44.280     82.030    206.790    147.440
      4.057    -72.460    235.630    -42.180     86.610    194.470    148.680
      4.071    -71.240    238.350    -40.080     90.330    182.970    148.780
      4.086    -69.960    240.890    -38.000     91.720    169.110    146.190
      4.100    -68.380    243.300    -35.980     91.320    156.940    144.300
      4.114    -67.060    245.490    -33.960     91.410    145.980    138.890
      4.129    -65.730    247.560    -32.020     89.940    136.190    133.740
      4.143    -64.430    249.460    -30.160     86.110    125.780    130.060
      4.157    -63.180    251.210    -28.350     85.220    117.930    124.290
      4.171    -62.020    252.860    -26.620     81.130    109.170    118.850
      4.186    -60.880    254.420    -24.980     79.910    102.360    113.730
      4.200    -59.760    255.870    -23.400     78.930     96.400    109.330
      4.214    -58.650    257.230    -21.890     76.540     89.890    104.100
      4.229    -57.560    258.470    -20.440     73.090     82.590    100.930
      4.243    -56.590    259.690    -19.040     70.830     77.940     96.490
      4.257    -55.590    260.820    -17.690     70.870     73.920     92.870
      4.271    -54.590    261.900    -16.390     68.840     68.540     90.070
      4.286    -53.660    262.530    -15.130     67.530     64.990     85.470
      4.300    -52.720    263.420    -13.940     68.490     61.210     81.680
      4.314    -51.780    264.230    -12.800     66.210     55.550     78.930
      4.329    -50.880    264.980    -11.710     64.070     52.560     75.750
      4.343    -49.990    265.690    -10.660     63.720     48.330     72.520
      4.357    -49.110    266.340     -9.640     63.180     43.850     72.590
      4.371    -48.170    266.900     -8.690     62.420     38.810     69.360
      4.386    -47.290    267.410     -7.720     60.720     35.680     67.970
      4.400    -46.430    267.890     -6.780     60.560     32.180     65.330
      4.414    -45.560    268.310     -5.880     60.440     28.700     62.270
      4.429    -44.710    268.690     -5.010     59.460     25.640     62.790
      4.443    -43.870    269.040     -4.140     58.770     23.670     60.320
      4.457    -43.050    269.360     -3.300     58.360     21.080     58.360
      4.471    -42.200    269.630     -2.490     59.760     16.380     55.750
      4.486    -41.380    269.850     -1.690     57.680     14.110     54.600
      4.500    -40.550    270.040     -0.920     59.030     10.130     52.040
      4.514    -39.720    270.160     -0.190     59.850      5.480     52.130
      4.529    -38.890    270.230      0.550     58.460      2.590     52.720
      4.543    -38.080    270.250      1.290     56.870     -0.960     50.550
      4.557    -37.270    270.240      2.010     56.960     -3.630     50.910
      4.571    -36.460    270.190      2.730     55.140     -7.020     48.970
      4.586    -35.690    270.080      3.420     53.890     -9.470     47.790
      4.600    -34.910    269.950      4.100     52.620    -10.780     47.960
      4.614    -34.160    269.790      4.780     51.810    -12.030     46.420
      4.629    -33.410    269.610      5.440     52.130    -15.280     45.380
      4.643    -32.660    269.380      6.070     51.170    -17.680     43.180
      4.657    -31.930    269.130      6.690     50.100    -18.390     41.850
      4.671    -31.200    268.850      7.290     51.890    -21.810     41.640
      4.686    -30.460    268.530      7.900     51.180    -23.750     41.150
      4.700    -29.730    268.170      8.480     49.760    -26.740     38.600
      4.714    -29.010    267.790      9.030     51.850    -28.310     37.910
      4.729    -28.280    267.370      9.590     51.250    -31.130     38.050
      4.743    -27.550    266.910     10.130     49.940    -33.490     35.660
      4.757    -26.850    266.420     10.650     49.840    -36.780     34.960
      4.771    -26.140    265.890     11.150     49.690    -38.400     33.340
      4.786    -25.430    265.330     11.650     50.640    -40.660     32.840
      4.800    -24.710    264.740     12.130     49.750    -42.370     32.280
      4.814    -24.000    264.130     12.600     50.180    -44.370     30.750
      4.829    -23.290    263.490     13.060     51.450    -46.030     30.620
      4.843    -22.570    262.810     13.510     49.040    -48.900     30.850
      4.857    -21.880    262.110     13.960     49.210    -51.210     30.540
      4.871    -21.190    261.380     14.400     47.500    -52.050     30.170
      4.886    -20.520    260.620     14.830     48.060    -53.430     29.100
      4.900    -19.840    259.830     15.250     47.240    -58.050     29.110
      4.914    -19.170    258.990     15.670     46.470    -59.780     27.890
      4.929    -18.520    258.140     16.070     45.630    -60.220     27.680
      4.943    -17.870    257.260     16.460     43.990    -64.130     27.210
      4.957    -17.250    256.340     16.840     42.500    -66.320     24.120
      4.971    -16.640    255.380     17.180     42.340    -68.890     22.450
      4.986    -16.040    254.410     17.510     40.520    -69.820     22.300
      5.000    -15.450    253.420     17.820     41.590    -69.930     21.510
      5.014    -14.860    252.400     18.140     40.710    -73.130     20.890
      5.029    -14.280    251.350     18.420     40.560    -75.680     18.340
      5.043    -13.710    250.260     18.680     38.040    -76.930     17.620
      5.057    -13.170    249.160     18.920     37.840    -78.280     16.180
      5.071    -12.620    248.030     19.160     37.660    -79.850     15.630
      5.086    -12.080    246.870     19.370     37.460    -81.470     13.300
      5.100    -11.550    245.690     19.540     36.340    -83.440     10.910
      5.114    -11.010    244.490     19.700     38.850    -84.810      9.120
      5.129    -10.470    243.270     19.830     37.940    -85.780      7.970
      5.143     -9.930    242.030     19.940     36.070    -86.590      5.790
      5.157     -9.420    240.770     20.020     35.920    -87.880      3.100
      5.171     -8.910    239.500     20.050     34.950    -89.540      0.450
      5.186     -8.410    238.190     20.060     34.390    -91.670     -0.590
      5.200     -7.920    236.880     20.030     32.560    -91.340     -4.310
      5.214     -7.450    235.570     19.960     32.790    -91.620     -7.540
      5.229     -6.990    234.240     19.840     31.890    -91.990    -10.640
      5.243     -6.530    232.900     19.690     32.060    -93.080    -13.250
      5.257     -6.060    231.550     19.480     32.620    -91.230    -16.800
      5.271     -5.600    230.220     19.230     32.080    -91.540    -19.130
      5.286     -5.140    228.910     18.950     32.580    -88.880    -21.380
      5.300     -4.660    227.600     18.650     33.540    -88.910    -21.020
      5.314     -4.180    226.300     18.350     35.620    -88.380    -20.440
      5.329     -3.680    225.010     18.060     34.750    -89.130    -21.630
      5.343     -3.180    223.700     17.760     35.630    -89.890    -21.890
      5.357     -2.670    222.400     17.450     37.860    -88.280    -23.650
      5.371     -2.150    221.090     17.130     37.680    -90.800    -22.680
      5.386     -1.620    219.740     16.820     36.450    -94.040    -22.280
      5.400     -1.130    218.360     16.510     36.340    -95.540    -23.020
      5.414     -0.620    216.960     16.190     35.370    -97.600    -22.100
      5.429     -0.120    215.550     15.890     37.270    -98.140    -21.560
      5.443      0.390    214.100     15.580     36.130   -101.320    -21.280
      5.457      0.890    212.620     15.280     36.480   -104.400    -20.700
      5.471      1.380    211.100     14.990     35.610   -106.640    -19.690
      5.486      1.880    209.540     14.700     36.360   -110.370    -19.370
      5.500      2.370    207.930     14.420     35.710   -114.650    -18.670
      5.514      2.850    206.270     14.150     35.890   -117.570    -17.700
      5.529      3.330    204.570     13.880     35.340   -120.910    -17.440
      5.543      3.800    202.830     13.620     34.680   -123.690    -17.020
      5.557      4.260    201.040     13.360     33.510   -126.560    -17.020
      5.571      4.720    199.220     13.100     32.390   -129.510    -16.360
      5.586      5.160    197.330     12.840     31.940   -135.220    -17.000
      5.600      5.590    195.380     12.570     30.960   -138.540    -16.770
      5.614      6.000    193.370     12.300     27.500   -143.350    -19.980
      5.629      6.370    191.290     12.000     25.950   -147.590    -20.870
      5.643      6.720    189.150     11.690     23.430   -151.550    -21.430
      5.657      7.040    186.940     11.360     19.940   -155.550    -22.660
      5.671      7.330    184.670     11.010     19.750   -160.210    -24.860
      5.686      7.590    182.310     10.630     16.560   -166.040    -26.910
      5.700      7.820    179.880     10.220     14.880   -170.600    -28.320
      5.714      8.010    177.370      9.800     10.160   -177.170    -29.960
      5.729      8.140    174.770      9.330      8.560   -182.890    -32.950
      5.743      8.240    172.060      8.810      3.800   -192.240    -35.740
      5.757      8.270    169.220      8.250     -1.440   -200.260    -40.310
      5.771      8.230    166.270      7.630     -5.770   -210.840    -44.370
      5.786      8.130    163.160      6.930    -12.110   -223.040    -50.330
      5.800      7.930    159.870      6.150    -21.940   -238.640    -55.040
      5.814      7.560    156.350      5.270    -37.560   -257.360    -66.450
      5.829      6.980    152.570      4.210    -60.660   -281.200    -82.510
      5.843      6.000    148.510      2.900   -106.190   -301.570   -106.240
      5.857      4.180    144.650      1.520   -171.460   -232.750    -88.060
      5.871      1.970    141.800      0.550   -163.820   -162.520    -54.260
      5.886     -0.060    139.640     -0.090   -139.060   -125.650    -33.400
      5.900     -1.800    137.890     -0.490   -117.250   -103.530    -20.210
      5.914     -3.270    136.450     -0.730   -100.820    -86.240    -17.560
      5.929     -4.480    135.280     -0.870    -81.530    -70.570    -14.640
      5.943     -5.410    134.320     -0.890    -56.320    -59.680     -6.450
      5.957     -6.090    133.540     -0.800    -34.050    -52.320      1.660
      5.971     -6.570    132.910     -0.640    -11.730    -46.800      9.970
      5.986     -6.840    132.430     -0.410      7.420    -42.060     18.270
      6.000     -6.920    132.080     -0.130     24.460    -33.730     22.820
      6.014     -6.820    131.860      0.200     38.060    -29.030     31.120
      6.029     -6.560    131.720      0.590     49.270    -21.730     35.350
      6.043     -6.140    131.670      1.030     58.340    -15.660     41.100
      6.057     -5.600    131.700      1.500     69.100     -7.910     43.840
      6.071     -4.910    131.820      2.010     79.700     -1.370     49.450
      6.086     -4.100    132.000      2.580     88.320      6.140     54.400
      6.100     -3.170    132.270      3.180     96.700     14.690     58.430
      6.114     -2.140    132.620      3.810    105.990     24.540     60.930
      6.129     -1.000    133.070      4.470    115.550     32.640     66.740
      6.143      0.240    133.610      5.180    125.360     41.680     71.910
      6.157      1.590    134.240      5.940    134.050     54.170     75.780
      6.171      3.030    135.000      6.750    144.840     67.600     83.420
      6.186      4.620    135.890      7.620    159.950     82.340     90.550
      6.200      6.350    136.940      8.590    173.690    103.570    100.280
      6.214      8.260    138.270      9.700    192.660    139.510    118.650
      6.229     10.480    140.140     11.100    223.070    226.470    159.090
      6.243     19.690    144.990     16.720    118.240     99.520    149.400
      6.257     20.880    145.600     18.540     80.020     26.090    102.550
      6.271     21.860    145.630     19.430     56.410    -13.900     66.050
      6.286     21.770    144.430     19.310     36.320    -44.740     31.970
      6.300     21.550    143.050     18.520     11.390    -77.490    -18.490
      6.314     21.020    140.680     16.440     24.680    -98.880    -23.320
      6.329     21.780    140.350     17.160     43.470    -34.830     56.910
      6.343     22.520    140.620     18.450     42.120    -46.990     32.000
      6.357     22.940    139.810     18.390     39.120    -52.160     18.920
      6.371     23.440    139.640     19.160     35.030    -48.660      8.890
      6.386     23.820    139.160     19.270     35.300    -48.370      4.060
      6.400     24.430    138.740     19.470     37.180    -43.720      7.330
      6.414     24.790    138.330     19.640     38.390    -40.520      7.670
      6.429     25.350    138.100     20.010     42.120    -29.190     19.180
      6.443     26.010    137.860     20.450     43.430    -21.110     24.810
      6.457     26.630    137.630     20.900     42.570    -16.190     28.980
      6.471     27.280    137.330     21.320     42.760    -18.120     24.820
      6.486     27.890    136.900     21.560     40.350    -18.400     23.730
      6.500     28.640    136.870     22.100     40.200    -20.240     23.100
      6.514     29.140    136.260     22.340     38.540    -22.090     21.150
      6.529     29.760    135.950     22.710     39.480    -26.850     18.060
      6.543     30.360    135.550     23.050     37.020    -29.760     16.230
      6.557     31.240    135.560     23.550     40.930    -29.770     19.940
      6.571     31.850    135.180     24.030     42.270    -30.140     22.010
      6.586     32.480    134.830     24.460     42.510    -31.880     21.250
      6.600     33.080    134.400     24.900     39.920    -32.940     20.210
      6.614     33.500    133.830     25.520     39.600    -27.270     25.420
      6.629     34.160    133.520     26.120     38.980    -25.700     30.140
      6.643     34.770    133.240     26.780     40.650    -23.560     34.830
      6.657     35.350    133.010     27.350     39.840    -24.430     34.910
      6.671     35.930    132.680     28.020     36.130    -26.510     26.890
      6.686     36.490    132.320     28.630     41.870    -23.430     35.180
      6.700     37.150    131.910     29.310     43.240    -24.540     35.620
      6.714     37.720    131.520     29.880     38.390    -26.530     32.240
      6.729     38.200    131.140     30.390     38.670    -26.270     36.050
      6.743     38.740    130.750     30.950     36.140    -28.440     32.410
      6.757     39.130    130.310     31.270     32.970    -29.300     29.270
      6.771     39.610    129.850     31.700     40.910    -27.970     38.980
      6.786     40.270    129.510     32.360     40.610    -27.720     39.040
      6.800     40.850    129.070     32.820     39.830    -32.610     30.590
      6.814     41.360    128.570     33.190     40.610    -31.900     32.420
      6.829     41.900    128.100     33.590     40.240    -32.540     30.730
      6.843     42.490    127.640     34.010     42.860    -32.100     33.860
      6.857     43.110    127.230     34.540     42.100    -30.090     30.010
      6.871     43.660    126.750     34.940     41.180    -31.820     27.670
      6.886     44.220    126.260     35.360     41.920    -31.800     27.160
      6.900     44.810    125.770     35.770     41.210    -31.440     22.970
      6.914     45.300    125.240     36.090     39.730    -33.010     20.320
      6.929     45.820    124.730     36.440     42.180    -29.440     23.290
      6.943     46.420    124.270     36.930     44.200    -28.800     26.600
      6.957     47.030    123.790     37.430     40.900    -29.840     19.680
      6.971     47.510    123.270     37.700     40.080    -28.800     17.360
      6.986     48.060    122.760     38.040     38.810    -27.610     22.830
      7.000     48.600    122.320     38.490     38.210    -26.770     22.940
      7.014     49.150    121.860     38.930     38.360    -25.750     26.500
      7.029     49.310    121.240     39.000     36.670    -26.740     25.770
      7.043     49.850    120.870     39.330     37.020    -26.180     21.230
      7.057     50.410    120.500     39.640     36.840    -26.010     23.590
      7.071     50.950    120.140     40.020     40.030    -24.620     29.600
      7.086     51.450    119.580     40.740     36.410    -22.220     26.570
      7.100     51.930    119.210     41.110     34.590    -22.890     22.570
      7.114     52.350    118.820     41.390     34.150    -20.180     22.540
      7.129     52.790    118.480     41.670     34.320    -20.960     24.160
      7.143     53.180    118.060     41.970     32.070    -23.470     22.350
      7.157     55.680    117.100     42.720     32.340    -25.270     19.170
      7.171     56.220    116.790     42.990     33.060    -24.300     19.080
      7.186     56.750    116.470     43.260     30.380    -23.750     17.380
      7.200     57.260    116.140     43.510     31.820    -23.800     16.490
      7.214     57.780    115.810     43.780     34.060    -24.560     19.390
      7.229     58.310    115.490     44.060     32.770    -23.210     19.580
      7.243     58.840    115.160     44.340     33.190    -25.150     18.600
      7.257     59.340    114.810     44.600     31.650    -26.910     19.410
      7.271     59.860    114.450     44.910     32.800    -24.370     21.230
      7.286     60.380    114.100     45.220     33.020    -25.050     23.060
      7.300     60.890    113.740     45.550     32.250    -23.880     21.640
      7.314     61.400    113.390     45.870     31.800    -24.320     21.090
      7.329     61.910    113.030     46.210     34.090    -24.220     21.920
      7.343     62.420    112.660     46.550     31.370    -25.370     21.120
      7.357     62.910    112.270     46.880     33.200    -26.050     22.550
      7.371     63.420    111.890     47.250     33.750    -26.220     27.690
      7.386     63.910    111.510     47.650     31.710    -24.410     30.070
      7.400     64.390    111.140     48.050     32.340    -23.510     29.120
      7.414     64.860    110.770     48.450     30.530    -24.220     26.270
      7.429     65.310    110.390     48.840     28.810    -24.370     27.550
      7.443     65.750    110.020     49.230     26.880    -24.720     25.020
      7.457     66.160    109.650     49.600     26.960    -25.640     24.440
      7.471     66.590    109.280     49.970     28.670    -24.820     27.070
      7.486     67.030    108.920     50.350     29.350    -23.820     28.200
      7.500     67.450    108.560     50.740     27.210    -23.350     27.740
      7.514     67.870    108.200     51.110     30.340    -24.860     25.910
      7.529     68.290    107.830     51.460     31.430    -26.770     24.550
      7.543     68.720    107.440     51.790     31.570    -29.790     24.340
      7.557     69.140    107.040     52.130     30.970    -28.490     25.260
      7.571     69.550    106.650     52.470     28.210    -28.300     25.030
      7.586     69.940    106.260     52.800     29.320    -28.590     23.410
      7.600     70.340    105.860     53.110     28.190    -30.290     24.020
      7.614     70.730    105.460     53.420     27.140    -29.950     25.340
      7.629     71.140    105.080     53.760     32.040    -25.930     28.760
      7.643     71.560    104.710     54.110     31.500    -26.510     29.160
      7.657     71.960    104.370     54.450     30.710    -24.690     28.730
      7.671     72.350    104.030     54.780     29.250    -23.720     29.540
      7.686     72.730    103.710     55.110     29.380    -21.950     27.950
      7.700     73.110    103.400     55.420     29.010    -21.690     27.080
      7.714     73.480    103.090     55.720     28.820    -20.790     24.720
      7.729     73.840    102.810     55.990     28.140    -19.120     23.900
      7.743     74.190    102.530     56.260     28.340    -20.340     23.790
      7.757     74.530    102.270     56.500     27.210    -22.350     20.140
      7.771     74.880    101.990     56.710     28.190    -22.380     18.890
      7.786     75.230    101.740     56.930     27.230    -20.790     19.620
      7.800     75.570    101.520     57.120     26.770    -22.230     17.590
      7.814     75.910    101.290     57.300     27.000    -23.570     17.120
      7.829     76.250    101.080     57.460     29.380    -22.770     17.700
      7.843     76.620    100.870     57.630     30.850    -19.900     20.120
      7.857     76.990    100.690     57.840     29.530    -18.580     18.830
      7.871     77.350    100.510     58.030     28.830    -18.710     19.630
      7.886     78.140    100.750     58.940     31.030    -19.370     18.990
      7.900     78.610    100.510     59.250     31.150    -18.520     18.350
      7.914     79.050    100.250     59.510     32.310    -18.140     17.190
      7.929     79.480     99.950     59.760     32.870    -18.930     16.620
      7.943     79.960     99.650     59.990     33.920    -17.740     17.080
      7.957     80.400     99.390     60.220     36.060    -19.260     17.440
      7.971     80.870     99.080     60.420     35.870    -19.910     17.450
      7.986     81.330     98.770     60.670     38.480    -20.410     19.490
      8.000     81.810     98.480     60.880     37.790    -15.770     20.330
      8.014     82.360     98.250     61.140     39.070    -15.860     21.220
      8.029     82.900     98.060     61.480     37.830    -16.250     23.640
      8.043     83.300     97.750     61.740     39.040    -15.700     22.840
      8.057     83.940     97.630     62.120     39.760    -15.630     24.210
      8.071     84.480     97.400     62.470     36.460    -18.490     23.930
      8.086     84.970     97.070     62.760     37.460    -19.260     22.380
      8.100     85.550     96.830     63.090     37.550    -18.990     22.000
      8.114     86.060     96.600     63.380     36.840    -19.570     19.700
      8.129     86.590     96.360     63.680     38.800    -20.010     22.360
      8.143     87.170     96.110     64.000     39.240    -20.810     22.180
      8.157     87.670     95.870     64.300     36.640    -19.900     22.710
      8.171     88.160     95.530     64.510     38.530    -20.830     25.710
      8.186     88.720     95.280     64.870     39.750    -18.310     28.250
      8.200     89.230     95.040     65.250     38.510    -18.730     30.720
      8.214     89.730     94.810     65.650     37.930    -16.470     30.920
      8.229     90.240     94.600     66.050     38.450    -16.150     31.180
      8.243     90.770     94.380     66.430     40.190    -14.920     33.000
      8.257     91.320     94.150     66.890     41.230    -16.250     35.580
      8.271     91.910     93.940     67.330     42.700    -15.370     35.850
      8.286     92.470     93.740     67.810     42.140    -16.400     36.860
      8.300     93.040     93.500     68.270     41.000    -18.000     37.220
      8.314     93.340     93.500     68.760     41.180    -21.190     38.590
      8.329     94.170     92.950     69.230     40.680    -19.770     37.810
      8.343     94.500     92.920     69.810     41.990    -22.820     38.730
      8.357     95.090     92.600     70.330     40.380    -24.520     36.320
      8.371     95.650     92.280     70.840     38.050    -22.600     36.390
      8.386     96.200     91.970     71.350     38.320    -22.980     37.480
      8.400     96.750     91.660     71.860     37.120    -21.740     34.930
      8.414     97.310     91.340     72.350     38.820    -22.330     36.390
      8.429     97.870     91.030     72.850     37.180    -23.180     36.580
      8.443     98.410     90.700     73.340     36.990    -22.540     35.190
      8.457     98.950     90.370     73.820     35.660    -24.540     34.530
      8.471     99.480     90.030     74.280     34.270    -23.860     33.050
      8.486    100.010     89.710     74.720     35.060    -24.120     31.200
      8.500    100.520     89.370     75.160     34.420    -25.680     32.080
      8.514    101.050     89.020     75.600     36.340    -25.100     31.910
      8.529    101.580     88.690     76.030     35.430    -24.170     29.840
      8.543    102.100     88.360     76.440     33.420    -25.170     29.410
      8.557    102.610     88.010     76.850     33.150    -27.310     27.140
      8.571    103.120     87.650     77.250     33.060    -27.360     28.760
      8.586    103.610     87.300     77.660     31.480    -28.070     28.280
      8.600    104.090     86.930     78.050     31.690    -27.500     27.320
      8.614    104.600     86.580     78.450     35.010    -26.990     28.370
      8.629    105.120     86.220     78.840     35.200    -25.530     27.000
      8.643    105.620     85.880     79.220     34.310    -26.240     24.990
      8.657    106.120     85.510     79.590     33.570    -26.860     23.850
      8.671    106.600     85.130     79.950     32.390    -29.100     25.600
      8.686    107.070     84.740     80.320     31.510    -29.800     24.900
      8.700    107.540     84.320     80.670     31.430    -31.300     23.390
      8.714    107.990     83.910     81.030     31.200    -28.550     23.160
      8.729    108.450     83.510     81.390     29.900    -28.630     21.300
      8.743    108.880     83.110     81.720     28.080    -29.430     19.290
      8.757    109.310     82.710     82.020     26.730    -28.290     15.430
      8.771    109.730     82.310     82.300     27.480    -26.580     15.190
      8.786    110.160     81.920     82.610     28.740    -26.690     17.750
      8.800    110.600     81.530     82.920     29.870    -26.880     17.330
      8.814    111.040     81.130     83.210     28.920    -27.890     17.010
      8.829    111.470     80.740     83.510     30.770    -25.730     17.370
      8.843    111.910     80.350     83.820     30.770    -24.280     18.680
      8.857    112.360     79.970     84.140     30.870    -25.390     17.800
      8.871    112.810     79.570     84.440     31.540    -27.110     18.010
      8.886    113.260     79.160     84.760     32.970    -25.470     20.960
      8.900    113.740     78.780     85.100     33.690    -24.200     22.710
      8.914    114.200     78.370     85.440     32.430    -25.310     21.830
      8.929    114.660     77.960     85.770     33.430    -27.110     23.100
      8.943    115.120     77.540     86.090     32.600    -26.830     20.680
      8.957    115.550     77.110     86.410     31.520    -26.860     21.130
      8.971    115.980     76.690     86.730     30.490    -26.210     21.060
      8.986    115.550     75.380     86.740     31.040    -25.860     22.350
      9.000    116.010     75.050     87.090     30.480    -25.090     21.660
      9.014    116.460     74.680     87.420     29.820    -25.520     20.660
      9.029    116.870     74.320     87.730     28.570    -25.040     20.860
      9.043    117.290     73.980     88.020     28.660    -23.890     21.160
      9.057    117.730     73.600     88.370     29.790    -22.740     22.980
      9.071    118.190     73.320     88.730     29.800    -22.320     21.520
      9.086    118.630     73.020     89.030     29.710    -21.910     20.420
      9.100    119.090     72.710     89.360     28.850    -23.060     21.280
      9.114    119.520     72.400     89.660     29.080    -24.410     19.210
      9.129    119.910     72.030     89.920     28.120    -23.660     17.800
      9.143    120.350     71.680     90.150     29.670    -27.540     16.730
      9.157    120.940     71.480     90.150     29.170    -28.530     19.050
      9.171    121.340     71.110     90.390     31.160    -27.930     18.230
      9.186    121.760     70.740     90.620     32.000    -25.530     19.480
      9.200    122.080     70.250     91.150     29.720    -24.910     20.950
      9.214    122.540     69.890     91.420     30.280    -27.130     19.600
      9.229    123.000     69.490     91.840     30.330    -23.620     20.070
      9.243    123.450     69.160     92.100     30.090    -24.340     21.250
      9.257    123.920     68.820     92.380     31.530    -24.970     20.510
      9.271    124.380     68.490     92.670     31.240    -25.340     21.330
      9.286    124.850     68.150     92.960     31.420    -27.100     22.790
      9.300    125.270     67.820     93.310     31.670    -25.990     23.880
      9.314    125.750     67.450     93.620     33.110    -25.800     22.780
      9.329    126.220     67.100     93.950     33.250    -25.040     22.550
      9.343    126.700     66.760     94.220     34.340    -27.030     20.740
      9.357    127.190     66.400     94.490     30.200    -26.430     19.730
      9.371    127.580     66.020     94.740     30.070    -28.770     19.500
      9.386    127.990     65.660     94.980     27.910    -27.750     18.210
      9.400    128.370     65.270     95.220     28.240    -28.510     19.740
      9.414    128.750     64.910     95.510     26.840    -27.270     21.260
      9.429    129.130     64.530     95.780     25.940    -28.500     20.670
      9.443    129.530     64.160     96.060     27.610    -28.180     21.450
      9.457    129.930     63.770     96.370     26.790    -26.690     22.280
      9.471    130.300     63.420     96.670     26.540    -25.480     23.820
      9.486    130.710     63.100     97.030     26.990    -22.310     25.750
      9.500    131.090     62.790     97.400     26.610    -23.420     25.160
      9.514    131.450     62.490     97.730     26.480    -21.080     23.960
      9.529    131.860     62.240     98.100     27.080    -19.810     27.810
      9.543    132.220     61.990     98.480     26.920    -19.760     27.210
      9.557    132.590     61.750     98.820     25.640    -18.830     26.930
      9.571    132.970     61.510     99.200     28.010    -18.480     25.360
      9.586    133.180     61.010     99.190     26.600    -15.280     24.160
      9.600    133.580     60.740     99.530     27.060    -13.790     25.480
      9.614    133.990     60.540     99.880     27.320    -12.850     24.290
      9.629    134.370     60.330    100.230     26.590    -11.860     24.880
      9.643    134.790     60.110    100.600     27.490    -13.010     26.350
      9.657    135.190     59.910    100.960     27.240    -13.300     25.520
      9.671    135.600     59.700    101.330     27.970    -12.740     25.510
      9.686    136.080     60.110    101.950     30.710    -13.060     24.900
      9.700    136.560     59.930    102.290     31.940    -12.990     22.670
      9.714    137.100     59.710    102.610     30.890    -13.590     22.240
      9.729    137.480     59.510    102.940     30.880    -14.510     22.690
      9.743    137.910     59.280    103.260     29.980    -16.090     22.420
      9.757    138.350     59.050    103.610     31.920    -16.070     23.190
      9.771    138.780     58.810    103.960     32.170    -16.770     23.500
      9.786    139.240     58.580    104.300     34.150    -17.330     23.290
      9.800    139.720     58.320    104.640     34.620    -18.320     23.930
      9.814    140.210     58.070    105.000     33.950    -18.010     24.960
      9.829    140.670     57.810    105.400     35.340    -17.860     25.570
      9.843    141.090     57.470    105.590     33.960    -17.060     23.980
      9.857    141.580     57.190    105.930     34.720    -17.360     25.770
      9.871    142.090     56.960    106.330     36.920    -16.770     27.010
      9.886    142.650     56.690    106.730     37.020    -17.750     29.430
      9.900    143.160     56.410    107.120     37.940    -15.650     30.260
      9.914    143.680     56.200    107.630     36.680    -16.220     33.310
      9.929    144.190     55.930    108.070     37.660    -18.070     32.290
      9.943    144.720     55.670    108.500     38.570    -17.670     34.220
      9.957    145.240     55.400    108.950     37.930    -15.900     31.840
      9.971    145.770     55.120    109.380     38.680    -18.710     30.800
      9.986    146.310     54.780    109.750     37.700    -19.580     31.250
     10.000    146.860     54.430    110.180     39.810    -21.400     33.070
     10.014    147.370     54.050    110.540     37.430    -19.970     32.560
     10.029    147.860     53.740    110.980     36.800    -20.550     32.450
     10.043    148.360     53.370    111.390     36.000    -21.170     30.720
     10.057    149.150     53.320    112.320     36.180    -19.450     31.310
     10.071    149.680     53.080    112.780     36.490    -19.970     31.720
     10.086    150.200     52.820    113.230     35.080    -20.720     30.670
     10.100    150.700     52.560    113.680     32.580    -20.070     31.180
     10.114    151.200     52.320    114.120     33.450    -19.940     32.590
     10.129    151.350     51.540    114.070     30.940    -18.500     32.270
     10.143    151.810     51.280    114.560     31.470    -17.800     34.190
     10.157    152.260     51.000    115.090     33.600    -18.450     34.180
     10.171    152.730     50.720    115.590     32.390    -17.210     32.370
     10.186    153.160     50.470    116.040     31.600    -17.810     32.720
     10.200    153.660     50.210    116.490     31.610    -16.770     32.110
     10.214    154.120     49.960    116.940     32.090    -18.240     31.160
     10.229    154.570     49.690    117.390     30.230    -18.360     31.940
     10.243    155.020     49.430    117.810     30.290    -16.240     32.470
     10.257    155.480     49.200    118.360     30.640    -17.650     33.030
     10.271    155.960     48.970    118.810     33.140    -17.910     32.240
     10.286    156.440     48.720    119.260     31.730    -18.350     32.210
     10.300    156.890     48.480    119.710     31.320    -18.780     31.150
     10.314    157.370     48.190    120.150     33.140    -17.430     30.350
     10.329    157.890     47.960    120.560     32.880    -17.390     30.080
     10.343    158.360     47.680    121.000     32.470    -18.130     29.290
     10.357    158.860     47.410    121.420     31.770    -17.110     28.450
     10.371    158.870     47.250    121.860     32.500    -19.260     26.990
     10.386    159.300     46.940    122.230     31.930    -18.420     27.900
     10.400    159.730     46.630    122.580     32.440    -18.550     25.640
     10.414    160.150     46.320    122.900     31.600    -21.180     25.870
     10.429    160.590     46.010    123.230     32.860    -22.100     25.730
     10.443    161.030     45.680    123.550     33.850    -23.270     26.360
     10.457    161.480     45.340    123.870     32.950    -23.480     26.340
     10.471    161.930     44.990    124.190     32.270    -24.920     23.550
     10.486    162.360     44.630    124.500     30.570    -26.810     23.220
     10.500    162.800     44.260    124.810     28.460    -26.670     22.040
     10.514    163.210     43.910    125.090     30.080    -24.170     22.650
     10.529    163.650     43.550    125.380     31.050    -26.660     20.990
     10.543    164.090     43.170    125.660     30.580    -28.440     19.220
     10.557    164.540     42.770    125.930     31.070    -29.100     20.790
     10.571    164.960     42.390    126.190     29.840    -29.640     18.400
     10.586    165.390     41.970    126.440     30.470    -30.240     17.640
     10.600    166.750     41.390    127.340     30.800    -30.190     18.690
     10.614    167.180     40.960    127.620     30.240    -31.550     17.690
     10.629    167.600     40.520    127.870     32.450    -30.480     15.680
     10.643    168.040     40.080    128.120     30.580    -30.640     17.700
     10.657    168.440     39.660    128.350     30.590    -31.770     17.170
     10.671    168.890     39.200    128.670     32.000    -29.620     18.310
     10.686    169.350     38.820    128.950     31.650    -28.480     17.080
     10.700    169.790     38.430    129.230     31.360    -29.840     16.820
     10.714    170.230     38.020    129.480     29.640    -28.390     17.990
     10.729    170.620     37.640    129.790     29.110    -27.490     18.840
     10.743    171.030     37.260    130.050     28.840    -28.450     16.960
     10.757    171.410     36.860    130.320     27.170    -26.720     18.190
     10.771    171.780     36.490    130.590     25.220    -25.330     17.760
     10.786    172.160     36.150    130.840     25.670    -26.610     18.820
     10.800    172.520     35.800    131.130     25.170    -24.390     20.620
     10.814    172.890     35.490    131.470     25.430    -22.680     19.080
     10.829    173.240     35.190    131.720     23.390    -23.850     17.800
     10.843    173.590     34.850    132.000     24.200    -22.590     21.510
     10.857    173.970     34.500    132.320     25.020    -22.320     20.430
     10.871    174.290     34.230    132.540     24.600    -19.990     20.440
     10.886    174.720     33.990    132.870     27.540    -19.190     21.450
     10.900    175.100     33.720    133.160     30.450    -17.610     24.280
     10.914    175.520     33.490    133.530     30.610    -15.940     23.840
     10.929    175.820     33.610    133.580     32.280    -17.260     24.980
     10.943    176.260     33.330    133.970     32.340    -16.800     25.340
     10.957    176.690     33.080    134.370     33.790    -17.550     26.660
     10.971    177.150     32.840    134.770     34.120    -16.450     27.270
     10.986    177.610     32.590    135.210     33.080    -18.650     28.270
     11.000    178.050     32.340    135.640     32.660    -16.950     28.330
     11.014    178.520     32.070    136.090     34.850    -16.240     30.220
     11.029    178.990     31.800    136.540     32.450    -17.360     29.770
     11.043    179.450     31.500    136.990     32.090    -19.200     28.340
     11.057    179.890     31.180    137.400     31.130    -19.710     27.760
     11.071    180.340     30.840    137.830     30.220    -20.910     27.470
     11.086    180.780     30.500    138.240     29.410    -23.090     24.940
     11.100    181.200     30.190    138.610     27.060    -21.070     26.760
     11.114    181.620     29.860    139.020     27.880    -21.220     25.410
     11.129    182.050     29.550    139.380     28.800    -22.060     25.490
     11.143    182.480     29.230    139.740     28.990    -21.810     27.190
     11.157    182.920     28.900    140.120     30.380    -22.490     28.360
     11.171    183.350     28.570    140.470     30.660    -22.320     27.620
     11.186    183.770     28.200    140.800     30.630    -22.880     27.010
     11.200    184.210     27.870    141.150     29.980    -23.510     27.740
     11.214    184.650     27.540    141.520     31.140    -23.390     29.270
     11.229    185.080     27.200    141.870     29.950    -22.090     30.470
     11.243    185.540     26.880    142.240     31.170    -20.780     29.650
     11.257    185.960     26.570    142.610     29.650    -21.200     27.650
     11.271    186.380     26.230    142.980     27.940    -21.410     25.920
     11.286    186.770     25.900    143.320     28.220    -20.990     25.400
     11.300    187.170     25.580    143.700     27.090    -19.730     26.440
     11.314    187.570     25.280    144.030     27.530    -21.250     25.570
     11.329    187.970     24.940    144.400     28.390    -21.490     23.900
     11.343    188.360     24.630    144.730     27.510    -21.410     26.640
     11.357    188.750     24.310    145.100     26.880    -20.540     28.450
     11.371    189.130     23.990    145.480     29.610    -20.810     27.210
     11.386    189.570     23.710    145.880     29.710    -20.700     28.310
     11.400    189.970     23.390    146.230     30.350    -22.340     25.900
     11.414    190.380     23.100    146.580     28.570    -20.840     26.730
     11.429    190.790     22.840    146.960     29.890    -19.120     26.930
